4
31
275
3
9
22
70
67
10
15
7
13
20
1
1
42
1
9
9
5
7
1
14
2
5
1
3
2
2
1
2
8
1
5
2
1
2
4
5
7
1
1
4
1
1
1
2
3
1
2
3
1
3
2
1
7
2
1
9
4
1
3
2
1
5
42
1
5
1
6
9
1
11
2
1
1
1
44
4
2
2
1
3
6
4
2
4
1
5
2
1
5
3
1
4
5
26
5
4
3
5
50
16
5
2
1
5
3
16
26
3
7
1
34
10
1
22
19
1
36
1
3
7
5
3
8
2
13
15
1
1
29
6
6
2
5
6
1
8
5
1
1
1
1
3
2
3
10
1
12
4
1
2
2
13
7
8
4
18
1
5
1
5
1
6
1
2
6
1
6
1
3
3
1
2
2
6
2
9
2
6
3
1
1
1
1
1
2
10
9
1
23
2
5
3
7
13
3
28
7
19
5
46
13
47
13
4
4
5
9
70
1
3
4
1
6
7
1
6
22
6
2
32
21
11
5
8
20
4
4
5
11
3
1
9
2
9
1
1
6
1
85
5
39
12
1
6
1
18
15
2
1
2
14
2
27
9
4
52
10
1
13
17
5
2
10
2
13
7
3
2
6
6
4
15
2
4
53
1
4
1
2
17
1
6
4
4
2
11
3
1
8
9
1
7
4
13
7
2
2
11
19
6
5
2
2
2
9
13
5
7
16
20
2
3
8
9
3
1
1
6
2
2
1
15
11
132
17
1
39
6
2
1
6
5
1
3
5
1
2
2
4
1
12
1
7
1
17
4
24
1
4
1
2
35
6
2
2
1
7
4
6
2
4
13
6
4
3
3
1
1
3
6
2
2
2
6
5
1
9
2
8
2
3
14
2
1
4
3
2
4
1
8
3
6
3
15
4
7
1
102
8
12
9
100
19
18
120
1
1
6
3
1
6
1
3
1
13
8
12
13
5
1
5
1
8
10
2
123
9
1
1
9
3
1
1
1
4
7
2
3
1
1
9
3
5
8
7
2
7
8
2
8
10
2
8
2
3
1
7
1
1
2
1
12
3
9
3
2
11
3
2
35
21
2
3
1
5
1
11
10
1
6
16
1
1
1
5
2
5
1
17
52
9
26
1
89
2
14
1
1
1
12
6
3
2
6
9
16
98
2
6
9
1
1
10
2
30
7
15
1
37
20
34
3
6
3
1
38
10
2
4
97
1
7
2
1
3
8
12
4
2
3
17
25
3
10
4
5
1
22
5
27
17
2
4
3
1
12
1
1
3
1
14
3
1
16
17
12
32
32
1
28
8
2
38
1
5
4
59
7
2
8
9
4
1
14
10
22
20
7
5
1
14
8
10
11
3
7
40
10
1
20
18
25
16
49
66
12
7
4
1
30
5
8
11
1
2
42
23
35
4
8
1
9
13
7
34
1
5
1
15
110
3
63
39
3
11
2
20
17
3
38
4
2
6
44
9
3
1
7
1
4
100
59
6
2
10
6
21
39
8
22
10
171
63
2
1
1
20
7
3
80
2
27
47
2
1
19
10
1
19
117
63
1
70
8
2
10
6
1
8
76
8
20
22
3
32
1
29
7
2
27
1
7
1
5
49
29
4
15
9
2
2
9
68
15
17
2
39
150
104
7
68
8
58
45
63
28
7
7
21
49
8
1
8
66
1
15
17
12
25
5
12
214
63
3
1
82
3
16
2
17
15
69
1
56
52
6
43
2
10
27
13
29
11
2
1
7
40
4
1
3
2
32
39
12
77
68
1
70
13
8
1
11
5
71
2
2
7
6
10
25
1
22
2
13
10
1
8
2
25
1
9
31
17
9
1
4
28
12
3
1
4
4
1
16
1
10
5
8
1
3
1
24
4
2
1
2
2
1
1
13
4
27
2
1
5
29
11
1
1443
602
722
969
299
924
547
238
12
3
7
31
5
1
5
7
1
2
5
6
1
2
2
1
4
2
1
1
5
1
2
2
8
1
24
50
376
15
65
7
32
75
84
119
40
427
1
20
7
11
4
33
2
4
6
13
9
8
28
1
6
3
30
9
33
10
15
15
27
89
14
6
88
21
146
2
10
328
10
69
1
19
1
1
1021
21
3
154
336
776
62
188
61
6
61
1
1
2
2
4
1
3
10
1
2
2
1
2
1
15
7
1
2
4
4
6
3
5
17
2
1
66
1
1
2
1
2
3
1
11
4
1
1
4
2
1
1
1
1
1
2
15
21
50
5
2
8
13
17
59
46
62
25
50
43
28
17
41
10
87
151
114
3
5
68
74
8
9
81
2
1
1
1
1
1
2
4
2
3
3
1
2
1
3
9
1
1
5
4
2
1
6
2
4
1
2
2
5
1
2
10
2
4
1
2
1
10
1
1
1
6
1
3
4
1
2
9
1
3
1
4
3
1
3
6
2
238
97
147
41
54
53
112
133
12
47
76
60
5
32
228
104
256
48
87
208
266
174
157
166
86
5
123
35
16
15
12
85
209
4
42
60
20
275
11
541
263
206
16
56
95
21
189
1
85
241
173
200
120
77
157
100
10
3
26
167
111
68
28
10
19
4
14
90
4
49
90
176
97
42
10
121
32
48
9
39
21
92
56
1
102
16
70
32
9
39
48
43
79
11
7
71
264
92
173
341
41
34
70
210
240
3
63
37
47
59
32
131
113
139
3
149
142
69
123
51
272
5
12
145
22
93
256
19
15
215
96
66
58
250
98
112
76
36
33
38
102
176
37
19
42
214
66
340
57
303
34
96
252
53
39
4
3
15
27
302
145
128
216
101
45
550
21
59
69
123
823
363
31
90
113
32
39
267
162
8
258
392
75
174
41
239
704
166
99
578
389
36
58
488
514
199
127
21
385
3
291
116
145
88
38
204
36
213
61
19
277
491
24
89
1
81
59
40
163
331
232
106
148
116
81
367
195
33
15
2
100
133
174
307
94
36
96
86
305
11
153
26
134
203
91
102
206
4
55
60
6
113
31
58
369
81
3
1
136
147
69
143
12
465
25
48
75
96
77
14
64
89
100
179
426
266
173
414
81
204
94
38
291
304
446
358
272
145
116
1
1
464
343
3
30
6
269
31
456
155
263
11
223
133
312
29
58
659
304
588
270
156
2
2
103
346
58
31
131
32
587
92
320
573
70
85
54
77
301
21
86
193
90
52
5
57
316
180
356
2
6
54
192
32
138
12
93
51
401
66
306
1
7
28
6
1
27
61
1
1
4
16
1
1
2
2
2
2
9
7
3
1
7
1
2
1
3
1
1
1
2
1
1
2
1
1
1
1
3
1
6
1
1
2
4
2
1
1
1
2
1
2
2
1
2
48
4
4
1
197
4
1
3
22
1
1
53
6
13
5
1
2
1
7
2
4
2
58
19
2
7
3
3
1
1
2
1
1
2
2
1
3
2
10
3
2
4
2
1
2
2
8
1
11
1
1
2
3
1
8
4
1
14
3
1
5
2
48
1
7
2
3
14
2
3
1
20
2
3
1
1
9
19
11
5
5
5
10
1
5
2
2
4
8
1
1
7
8
5
2
4
8
7
2
8
2
2
4
2
6
4
2
1
3
1
3
2
1
4
1
1
27
2
2
38
6
9
3
4
6
3
3
2
1
2
7
2
2
1
10
2
8
1
1
2
1
3
3
5
1
9
2
1
1
1
1
2
13
2
3
2
3
4
1
7
1
10
2
2
2
1
2
5
2
2
6
3
1
2
1
5
9
3
17
2
13
2
10
4
9
1
27
3
13
7
33
2
9
1
53
4
2
2
2
1
21
3
11
1
2
9
3
8
3
2
38
13
6
8
2
4
1
3
7
3
3
10
3
2
4
2
18
9
7
596
82
48
425
360
76
195
145
70
129
3
25
34
6
1
2
3
11
56
36
504
230
19
127
201
92
204
163
338
44
46
122
27
7
6
238
306
1
4
70
84
425
117
13
10
133
114
5
115
67
38
112
322
220
188
70
46
103
494
47
7
235
50
21
17
118
4
122
96
86
96
10
270
236
165
6
217
3
220
56
77
27
169
45
134
272
271
12
144
4
294
3
62
226
106
13
62
33
40
30
358
38
72
3
19
12
45
128
28
64
2
89
72
22
30
19
36
9
1
182
251
48
95
57
225
80
28
29
85
60
91
88
79
6
205
29
14
38
18
3
39
82
128
54
5
80
67
10
8
180
26
102
101
132
77
41
92
8
31
149
7
73
38
13
65
31
168
114
35
74
64
1
4
24
10
23
31
2
212
114
48
52
33
2
43
53
43
50
235
128
26
95
11
27
56
2
8
28
15
43
49
45
95
37
97
20
127
31
5
222
146
14
18
128
111
76
72
5
22
205
64
6
44
8
81
180
55
33
55
1
6
110
107
50
540
17
43
38
184
3
46
10
386
290
22
433
121
772
74
538
52
53
706
122
194
192
177
231
262
124
310
54
16
185
23
16
11
152
3
186
549
97
193
32
144
418
291
160
184
80
4
25
5
45
182
43
36
134
46
12
127
5
48
446
10
151
3
234
164
111
221
1
63
11
144
11
254
153
204
124
132
113
136
27
83
15
370
530
103
394
206
52
303
10
51
323
641
139
240
38
62
47
94
256
244
102
20
80
396
118
90
43
91
27
19
124
182
201
323
6
32
84
130
109
104
196
26
133
115
22
29
486
7
543
760
33
2
5
542
367
403
51
129
96
138
101
150
600
209
70
52
23
13
51
25
110
5
40
173
302
1
178
129
251
131
216
13
118
7
5
110
226
30
223
164
39
10
17
1
1
9
3
10
4
2
7
2
5
11
3
9
1
1
1
10
11
5
7
1
1
3
5
4
7
8
106
2
4
1
2
4
3
2
1
10
2
1
2
1
1
1
3
4
2
5
4
1
1
2
1
1
5
1
4
2
29
4
5
4
1
1
1
2
4
4
5
1
4
1
9
1
11
6
2
1
3
4
2
1
1
33
1
1
6
1
6
1
3
2
18
4
1
2
1
6
6
2
2
4
12
1
4
1
13
24
4
2
2
4
7
7
9
1
23
1
31
16
4
1
10
1
22
3
8
1
31
22
1
6
1
4
2
4
2
1
1
12
2
4
11
5
15
2
3
1
2
2
3
1
1
2
1
2
4
1
1
4
2
16
1
2
3
7
2
2
2
2
2
3
2
1
1
7
2
1
1
1
1
3
2
2
2
1
3
2
2
1
1
1
1
3
2
2
1
4
2
2
1
1
1
2
1
2
5
2
6
2
5
2
1
1
3
3
2
2
1
1
2
13
51
1
3
3
2
4
2
2
2
5
1
1
1
2
2
1
5
9
14
1
1
2
2
1
1
2
1
2
2
1
19
1
1
17
1
3
14
3
7
1
2
5
6
1
5
13
7
2
1
3
1
1
4
26
3
28
11
5
9
1
4
2
5
1
3
1
2
2
3
3
1
3
12
4
31
1
1
5
16
9
3
5
3
10
2
1
3
4
4
1
8
3
1
2
2
2
2
5
1
4
1
1
3
2
3
60
4
10
11
1
133
1
5
9
2
3
6
8
8
2
1
8
3
1
8
2
2
1
9
3
37
70
2
1
2
3
4
1
1
2
5
4
7
1
3
1
1
2
1
7
1
1
13
4
2
2
3
1
1
1
2
2
1
6
8
7
14
6
507
194
5
31
173
8
48
38
6
87
41
114
127
200
208
11
22
132
155
23
62
33
19
75
11
196
28
263
27
54
12
55
136
280
16
98
79
67
38
3
183
11
296
153
108
148
48
44
19
333
52
91
62
36
2
133
79
145
318
27
5
46
115
19
33
186
354
141
1218
1094
411
128
188
1021
231
42
189
36
27
218
96
154
30
5
14
6
110
7
10
46
53
11
14
21
61
72
429
15
32
25
138
101
66
29
86
39
94
93
225
116
94
13
87
66
39
158
367
7
10
167
62
96
332
197
123
102
75
85
316
4
81
40
92
215
103
136
5
241
27
30
44
52
113
109
254
94
293
97
31
35
2
40
344
213
164
34
76
13
12
35
67
120
290
26
28
244
289
43
247
40
482
248
72
235
297
243
64
281
76
172
2
236
272
407
255
91
171
88
70
73
10
482
145
76
41
10
1
2
7
1
1
11
2
1
2
5
1
1
11
5
1
1
2
11
6
5
1
10
3
4
1
1
4
1
2
1
2
2
8
2
2
6
3
1
1
2
4
1
5
2
2
7
2
11
1
1
2
2
1
2
1
7
2
2
2
9
1
1
2
1
1
3
11
1
1
3
3
3
19
5
6
1
11
22
2
5
2
1
1
2
1
2
1
1
2
5
2
1
4
1
1
1
1
8
6
1
9
1
29
7
2
2
1
3
1
2
2
1
31
2
4
2
2
1
4
1
2
1
3
3
1
3
2
10
3
32
2
2
10
2
12
1
18
1
4
7
6
3
8
1
1
2
37
4
5
3
1
11
1
13
6
8
17
7
1
2
38
2
22
2
2
2
3
4
1
1
1
4
5
2
3
1
1
17
2
3
1
3
1
4
2
4
1
3
5
1
5
20
11
2
2
2
3
1
3
7
7
2
2
12
6
15
3
2
2
10
2
4
3
3
3
4
8
1
1
2
4
1
2
2
2
1
7
4
2
1
3
1
1
3
2
3
1
7
2
4
10
9
2
1
3
1
2
1
1
5
1
1
3
2
3
1
1
3
2
1
10
5
3
5
2
1
3
3
5
3
1
4
6
3
1
1
4
22
1
2
1
3
1
1
1
1
1
3
1
18
3
3
2
1
1
1
3
3
1
4
1
1
6
1
1
1
1
16
5
62
29
1
3
1
2
1
2
2
1
2
1
8
13
1
1
7
2
3
2
3
2
4
6
1
1
6
3
7
15
1
8
22
14
3
12
3
4
2
1
3
5
1
16
15
5
2
36
1
3
21
9
2
2
5
1
12
39
2
2
2
1
2
3
2
10
13
1
8
3
4
1
6
2
1
1
7
10
2
2
1
1
7
2
3
1
1
2
1
3
2
1
1
2
2
4
1
5
1
12
9
2
1
6
22
7
1
1
1
10
4
3
1
4
7
9
2
1
2
1
3
2
1
1
2
2
1
1
2
1
4
1
4
1
1
1
1
1
3
2
1
1
322
152
77
19
1
1
1
1
4
1
4
3
16
11
3
1
1
1
12
7
6
7
1
24
5
11
2
59
5
20
1
53
2
14
5
2
25
27
1
42
2
44
8
12
16
5
1
9
2
2
4
1
1
6
1
1
2
5
1
2
3
1
2
2
2
1
1
1
1
1
1
1
4
10
1
1
1
1
2
1
1
2
1
5
2
1
13
4
4
2
1
2
1
3
5
1
1
7
3
1
3
1
2
122
22
5
11
177
100
339
258
132
138
97
34
148
12
86
201
54
5
62
26
270
237
72
12
50
194
17
115
34
111
101
174
355
91
114
607
28
102
89
19
640
50
49
44
115
64
303
321
150
35
320
37
56
533
219
189
144
18
23
58
56
190
87
11
1
40
42
18
21
30
37
42
42
61
193
20
287
157
4
7
18
57
150
21
13
93
49
35
4
72
6
36
45
156
66
67
103
74
13
105
3
27
5
108
43
488
31
179
20
29
177
254
297
25
12
34
2
246
141
40
231
46
137
129
236
36
191
73
111
4
1
261
549
368
1
27
18
14
22
32
96
304
58
177
349
266
513
1072
195
777
211
8
530
3
237
50
16
36
9
100
121
1058
261
199
3
1
26
157
813
57
18
49
16
35
148
66
107
16
75
8
4
3
99
10
11
28
3
1
1
8
5
15
7
16
6
8
1
5
3
1
11
4
7
94
18
174
1
29
24
170
77
274
89
8
52
3
9
84
12
152
8
580
5
175
142
89
14
1046
643
226
956
343
55
17
167
209
1
37
195
102
166
162
144
64
234
44
104
43
16
3
18
93
83
37
63
17
16
2
60
42
17
127
71
75
28
150
162
214
584
175
167
2
1
127
24
475
71
49
267
25
250
71
25
56
15
37
42
148
527
67
131
4
4
62
61
38
44
78
3
1
180
108
120
3
127
103
5
71
116
69
3
101
136
124
22
207
337
108
791
1111
5
8
12
157
7
307
170
147
111
106
18
347
98
129
80
35
193
12
124
78
442
431
375
9
10
85
197
24
3
21
8
27
2
62
221
42
73
88
8
62
38
499
5
140
48
177
121
41
11
6
3349
1175
45
293
30
145
3
44
25
24
22
92
36
83
169
31
8
6
7
3
33
67
286
47
26
17
4
9
36
10
22
35
28
95
14
293
49
240
12
161
351
93
29
102
51
136
60
46
75
119
61
87
185
68
225
84
34
179
46
18
105
12
57
62
100
225
60
127
87
288
76
25
113
42
103
13
97
184
103
13
273
91
27
200
43
739
286
448
22
108
61
24
55
295
107
38
331
59
45
76
217
287
161
611
397
132
46
315
120
172
69
61
108
218
67
22
1
302
6
31
31
54
130
122
170
177
167
1202
22
3
141
235
433
3
1
531
13
15
11
460
20
330
151
10
472
256
664
1584
239
502
152
1
21
842
382
138
24
277
100
21
69
126
148
62
35
401
345
75
147
145
251
158
9
81
173
442
479
364
49
315
102
67
76
111
366
8
92
80
61
11
10
170
11
93
10
51
100
36
110
68
53
19
366
92
106
17
29
190
633
445
126
235
143
30
158
264
1
7
301
108
231
406
114
171
5
49
247
281
253
552
17
17
26
20
117
3
72
2
19
45
11
3
35
6
11
63
33
183
26
45
3
3
1
183
2
61
1
12
4
145
3
7
1
42
4
167
25
84
3
18
4
2
65
19
15
24
1
21
1
1
22
30
4
2
34
66
5
16
1
3
10
16
33
6
5
20
44
7
19
3
12
19
2
2
2
8
4
11
13
5
4
16
7
17
2
14
4
11
18
9
2
11
8
14
7
5
3
13
14
3
28
6
11
13
3
2
17
1
1
11
1
31
3
9
7
6
1
202
1
14
45
144
81
17
180
73
12
86
80
197
33
58
34
234
180
51
10
41
31
107
57
80
41
56
87
2
64
43
50
113
3
88
22
38
6
16
182
199
28
27
45
4
32
144
25
15
119
7
42
75
9
159
39
3
20
29
48
7
7
55
179
143
35
348
80
94
117
475
15
56
52
105
37
50
46
261
83
151
133
547
187
3
84
184
1
74
6
84
43
5
6
164
121
80
18
71
7
293
143
149
69
70
41
330
10
160
30
95
61
88
9
6
160
73
19
12
106
165
237
39
371
38
5
155
30
102
146
47
138
35
40
23
290
55
69
220
47
596
150
83
91
125
54
46
195
24
194
41
14
117
13
8
39
7
28
41
13
52
16
32
130
192
33
32
13
56
133
185
34
3
116
15
28
72
90
22
130
274
17
18
8
11
12
22
22
31
104
73
174
164
91
217
45
152
92
16
152
22
17
42
16
321
2
173
34
246
133
162
2
95
65
7
3
118
218
110
208
4
32
39
4
19
49
25
79
3
36
152
128
3
4
80
4
6
3
2
77
86
142
221
208
125
40
27
8
110
12
229
74
466
132
388
2
124
74
16
6
9
304
738
273
261
4
39
165
2
28
3
532
297
152
409
2
73
150
322
15
2
13
78
179
32
280
9
9
472
117
603
111
457
228
61
226
10
75
71
84
119
161
106
87
1
7
11
77
121
73
363
60
221
24
23
93
3
19
7
86
1
211
24
121
1
3
10
271
23
8
37
2
6
9
1
20
3
2
6
3
1
1
1
1
1
1
5
1
13
1
1
1
5
7
1
1
3
4
1
1
18
1
3
3
2
13
4
3
2
5
1
1
9
1
1
5
93
172
35
233
27
8
53
121
23
23
30
105
50
69
101
517
67
68
256
14
63
78
100
196
27
6
203
1
233
101
53
114
28
32
82
188
62
138
2
298
103
216
65
203
108
33
104
17
86
365
23
73
500
214
76
203
526
1226
455
1603
22
4
1228
585
585
50
290
431
249
208
178
34
78
45
163
267
98
16
323
258
55
9
7
93
43
2
118
206
91
192
75
36
53
822
143
139
71
146
1
103
52
129
52
18
9
85
178
370
70
215
136
34
41
9
35
19
49
153
41
72
130
292
13
149
6
98
9
10
12
74
15
3
22
87
17
90
52
20
55
55
38
112
21
53
14
39
74
26
1
26
216
39
160
8
8
62
13
195
38
108
76
196
128
27
10
134
9
5
212
19
47
114
31
4
23
54
29
24
119
96
403
155
366
191
120
53
327
344
67
56
262
59
5
294
255
181
287
24
132
13
67
286
84
8
96
35
217
16
62
300
129
14
167
32
24
92
248
44
137
148
343
32
36
309
104
222
151
27
139
59
26
93
109
156
114
19
82
516
112
158
54
126
164
294
46
66
44
26
177
604
124
49
211
71
5
23
54
64
8
139
16
192
38
33
106
131
310
51
30
188
231
3
146
34
2
26
111
139
154
91
42
179
114
117
33
69
26
21
53
56
10
40
47
41
14
8
60
155
48
18
71
37
16
73
83
7
11
39
13
60
49
457
786
91
131
4
203
198
7
195
22
18
142
33
139
2
3
170
257
139
21
478
184
389
352
41
9
153
198
12
121
81
8
10
92
191
21
50
170
89
485
65
60
103
165
51
311
82
41
6
26
45
635
58
1
51
76
1
81
134
160
245
78
304
378
226
7
17
8
48
5
180
154
54
230
8
40
30
4
196
185
208
296
207
312
121
124
218
214
34
266
221
30
83
21
21
155
45
71
286
22
24
106
38
137
25
113
50
178
580
283
57
4
8
106
177
20
20
101
446
102
6
121
40
41
53
31
7
65
97
42
2
24
130
25
124
74
104
63
114
63
1
1
2
316
46
6
271
34
23
169
177
33
108
81
17
75
78
187
459
442
99
70
7
22
17
330
114
350
347
241
247
430
516
73
785
41
12
106
382
13
62
53
110
83
26
19
129
150
58
104
154
29
62
300
166
147
109
546
340
52
106
428
274
391
1511
11
1
22
164
19
165
141
30
260
296
65
488
195
257
304
20
12
24
16
23
4
51
869
390
56
218
45
21
1153
88
167
89
13
197
191
105
466
193
17
194
20
424
13
8
3
24
91
191
101
16
77
29
204
636
214
405
45
385
277
78
276
701
157
274
22
81
168
249
597
325
202
34
54
53
7
59
2
675
85
124
253
117
163
136
134
66
193
144
296
24
64
97
63
119
44
82
197
26
74
356
52
290
150
123
189
113
35
166
419
35
45
57
283
40
107
187
32
71
1040
217
20
62
136
97
162
14
24
11
215
12
227
119
12
140
13
58
73
160
20
126
250
6
28
41
72
60
79
105
82
3
22
51
55
38
1
1
6
1
1
1
7
3
1
38
2
73
1
106
91
11
41
21
58
65
14
8
17
43
17
5
104
44
216
44
65
1
54
8
57
111
61
49
10
30
287
23
36
36
66
30
46
10
1
52
30
46
14
95
23
8
22
1
40
73
43
20
8
75
2
18
61
9
51
12
22
26
131
12
25
14
11
38
37
68
86
79
106
33
8
125
76
41
34
168
44
6
70
10
158
79
106
32
133
10
28
58
127
18
6
25
65
18
40
14
21
21
35
133
10
35
5
20
128
13
82
36
24
1
43
19
118
10
40
40
88
249
62
16
16
10
4
15
14
11
51
2
18
41
7
5
52
30
20
53
2
59
2
36
12
4
6
23
92
59
5
4
61
27
36
110
42
9
33
29
71
6
10
13
70
13
143
31
1
41
2
70
24
1
72
297
30
103
29
28
183
19
4
8
4
192
1
3
53
8
4
3
3
6
7
41
37
11
34
14
122
72
1
146
22
46
18
4
24
59
91
33
16
125
12
11
36
20
24
2
4
8
34
23
23
158
18
115
7
7
2
42
7
12
4
9
56
13
91
56
37
81
14
56
51
12
24
36
21
5
38
22
44
9
9
57
33
1
19
19
45
43
1
18
8
47
23
3
38
14
8
26
92
111
3
19
104
43
20
9
2
28
7
2
12
18
39
193
49
12
90
16
52
72
55
7
26
116
56
189
17
12
21
45
5
44
8
25
28
56
5
12
43
73
3
5
6
32
63
15
119
3
75
18
40
122
7
21
49
108
22
9
69
12
4
30
3
99
136
31
208
48
27
18
38
9
15
23
13
24
33
36
13
117
1
5
66
17
14
10
44
1
48
13
171
11
35
33
84
4
18
33
10
18
2
47
10
65
15
5
2
1
79
26
15
32
24
91
22
9
1
85
22
8
88
24
43
12
94
15
119
40
233
95
1
30
53
37
52
7
17
6
32
41
10
111
48
2
9
53
22
52
51
9
3
19
9
5
21
20
18
22
4
42
8
25
5
39
2
16
57
1
10
12
24
58
41
60
14
12
2
86
5
8
36
44
8
20
11
26
9
70
10
62
121
22
33
8
12
4
74
5
55
6
2
25
2
1
13
78
19
15
17
23
30
54
49
3
116
70
86
33
33
6
146
124
5
1
1
3
1
113
260
24
2
132
5
28
8
64
73
2
5
43
49
8
73
231
16
65
7
15
32
15
63
35
112
10
88
62
79
9
51
333
67
97
57
65
6
170
15
320
153
208
88
99
63
10
85
206
150
44
73
25
47
92
28
29
1
22
5
109
84
65
189
80
4
83
25
6
78
24
57
108
280
13
101
27
123
140
1
56
49
57
21
10
72
22
108
5
82
64
72
104
41
76
10
32
106
64
18
12
25
9
5
31
37
4
17
13
10
5
55
19
20
65
132
83
16
265
26
25
89
27
52
21
34
73
311
5
72
17
1
98
69
16
125
30
31
136
48
101
29
142
125
18
26
13
10
32
28
80
16
21
41
23
9
40
101
10
19
35
15
2
120
199
27
111
114
193
76
7
32
22
12
13
26
149
33
35
257
96
140
14
45
11
60
6
19
80
12
86
129
10
102
5
6
40
109
82
42
131
16
182
4
140
28
76
89
156
246
20
70
55
21
65
3
93
35
220
25
11
361
118
49
74
16
48
116
23
191
78
194
55
18
18
91
176
89
146
223
86
390
120
166
1
141
276
109
15
115
52
124
31
20
79
1
1
57
48
31
16
58
109
9
23
41
52
210
11
48
24
55
203
121
50
28
34
64
159
11
104
140
3
10
94
28
50
39
3
15
26
115
13
30
11
83
8
7
41
41
21
14
2
18
24
8
162
8
72
190
182
163
7
337
78
162
227
29
34
9
56
328
77
21
79
431
177
21
33
12
72
7
1
98
30
61
22
94
38
128
1
80
70
59
57
19
37
100
3
33
36
116
5
13
1
180
3
21
125
14
17
59
13
3
17
148
35
5
121
90
191
10
74
2
39
45
46
72
4
13
88
18
219
66
8
57
33
13
32
3
111
60
42
49
3
26
61
6
6
107
10
8
7
13
39
24
39
109
29
48
45
10
18
111
68
26
88
14
26
43
2
59
78
21
10
241
68
60
20
6
5
13
31
61
18
109
29
224
77
103
195
187
77
1
101
247
55
339
29
38
6
105
45
14
84
57
136
20
20
39
82
2
27
1
7
140
48
28
32
31
37
9
185
34
27
4
203
47
58
147
71
3
56
94
65
4
156
92
35
144
13
5
9
105
2
3
1
108
134
75
2
4
19
154
4
172
194
100
25
12
13
53
109
57
14
97
72
12
89
167
132
183
109
95
33
164
8
97
61
27
118
129
90
161
82
132
36
103
137
173
37
73
27
17
29
3
75
3
13
161
50
5
187
68
103
89
96
29
1
141
33
7
72
48
9
122
14
16
86
43
3
141
161
75
67
138
12
16
55
111
45
17
9
14
88
10
110
6
64
120
2
44
30
5
52
51
2
29
123
52
169
7
27
7
2
116
47
49
30
1
4
53
42
9
131
17
4
20
31
61
40
6
20
5
1
24
5
13
25
79
36
11
49
53
17
21
28
27
10
21
18
2
50
46
18
8
14
2
2
9
13
55
49
6
78
23
22
4
28
39
20
60
23
46
7
5
53
25
25
5
10
53
9
130
1
81
1
143
79
89
381
10
50
109
134
90
24
56
27
21
2
57
1
144
28
268
98
63
32
5
10
178
23
197
121
101
4
41
51
39
20
196
7
40
46
56
64
21
2
35
22
70
68
10
20
43
20
17
87
10
50
23
98
1
14
14
170
6
69
161
25
147
41
141
51
21
147
23
74
217
316
56
84
35
21
53
36
73
52
85
21
179
32
87
2
30
3
21
28
106
59
66
100
29
86
31
294
4
57
9
44
51
73
136
9
57
307
10
54
53
34
108
2
30
46
8
189
172
30
1
15
28
128
314
44
14
69
2
205
249
36
16
277
1
152
342
79
25
249
27
19
92
37
34
21
336
9
102
20
426
3
153
262
1058
52
135
129
79
60
32
41
11
75
112
133
144
3
31
64
20
65
206
12
39
69
96
22
53
95
129
44
8
80
80
105
20
72
22
6
106
5
61
152
8
4
202
150
91
33
6
9
25
70
50
50
105
1
19
1
11
32
15
61
6
30
33
135
95
65
45
111
40
48
334
16
147
14
4
189
174
91
82
17
2
39
91
59
76
100
1
81
29
6
2
158
5
7
13
68
15
267
73
32
143
280
24
18
57
31
62
171
76
46
16
149
42
109
46
55
46
34
48
52
7
2
27
39
98
14
10
118
150
9
35
13
3
2
84
50
10
6
105
15
3
32
27
24
108
26
24
6
5
9
232
169
110
60
119
83
99
7
27
2
27
63
36
5
10
2
11
2
74
68
19
44
12
38
33
18
37
8
159
40
16
30
22
21
5
3
6
25
1
4
8
17
18
29
137
32
55
2
182
10
217
76
20
60
49
179
21
1
76
21
61
1
149
47
39
87
77
55
162
52
40
18
20
151
7
67
132
1
120
1
124
207
11
201
130
32
34
31
49
26
13
55
44
39
119
88
24
100
72
62
36
5
4
7
23
39
63
14
57
8
58
193
83
6
26
83
86
10
30
12
40
81
59
113
33
42
33
26
9
74
29
14
22
64
38
8
4
54
58
10
54
14
12
47
32
52
8
23
229
26
84
18
20
87
53
46
236
189
132
14
58
152
13
41
3
25
2
16
2
100
14
58
54
39
2
19
32
52
14
12
3
42
12
105
25
30
10
5
30
1
61
12
7
20
54
4
9
22
21
9
2
48
35
70
157
16
170
33
16
59
24
59
37
18
21
35
124
72
21
71
41
36
8
21
9
13
51
20
17
64
240
41
33
26
77
22
10
108
16
9
8
74
55
124
32
10
31
1
45
47
496
231
28
182
12
40
61
70
70
41
46
94
168
152
133
127
11
125
232
43
64
15
115
17
81
103
113
56
117
89
42
61
10
9
53
58
151
10
11
17
17
11
352
75
97
67
155
34
32
16
43
17
113
5
2
17
3
4
5
367
69
102
768
143
85
9
69
155
207
96
155
20
67
8
17
152
12
49
34
174
39
43
44
5
21
61
54
114
4
27
3
17
39
59
393
51
23
3
8
104
327
68
9
34
267
60
199
63
90
43
41
122
44
69
16
32
89
12
96
76
34
11
15
206
21
92
142
31
50
72
131
81
118
15
50
133
48
13
3
65
12
293
6
124
133
17
24
13
206
58
6
102
177
13
398
68
47
7
42
39
10
13
25
130
19
3
74
13
15
81
40
102
86
28
11
5
24
8
9
176
79
20
137
183
52
15
156
6
29
60
158
30
90
78
203
52
2
10
261
73
18
51
36
46
6
164
115
16
70
125
150
72
46
28
106
3
12
27
19
32
40
23
25
55
9
55
21
119
20
21
69
12
1
52
211
29
45
17
92
5
3
79
49
60
93
30
149
5
1
33
17
1
61
5
46
83
49
10
54
37
23
13
81
14
87
13
68
104
13
435
212
529
48
28
3
24
46
21
52
55
144
32
79
553
12
55
310
3
80
124
54
139
284
43
49
119
27
146
30
61
15
35
233
105
26
272
131
44
86
361
8
1
10
145
124
47
32
241
20
7
4
6
1
1
1
4
1442
2
41
19
666
57
36
700
6
108
526
87
103
259
10
151
1
271
13
153
39
5
79
2
155
77
337
307
338
2
277
81
20
126
126
17
61
69
102
7
181
109
52
12
19
291
324
211
63
85
104
12
246
294
382
16
262
97
52
115
85
41
152
10
125
203
96
40
29
232
430
16
224
10
258
203
255
60
5
4
1
1
5
4
1
2
1
3
1
1
2
2
2
2
3
1
2
5
3
1
1
2
5
1
1
1
1
5
1
1
1
5
1
2
1
9
2
1
2
1
2
5
3
2
116
25
16
75
23
78
71
105
107
28
6
46
54
17
47
226
55
97
83
186
50
71
165
35
33
81
59
51
41
255
297
68
179
156
274
30
18
40
13
25
31
16
134
59
160
3
45
150
173
67
74
89
33
9
49
146
197
54
23
5
101
24
34
122
9
20
51
62
236
161
49
6
257
18
3
13
24
32
62
48
32
37
169
5
107
23
55
32
61
10
84
2
69
140
323
209
93
354
143
16
59
136
60
35
2
62
95
244
81
29
22
57
26
45
25
46
105
21
193
32
108
4
127
33
203
23
70
324
59
52
60
18
78
29
203
9
53
112
12
115
43
48
206
123
423
57
43
146
10
108
41
334
24
20
47
20
58
27
63
1
18
14
149
12
96
110
24
44
24
183
148
127
237
44
127
425
2
32
72
26
91
28
64
1
11
1
373
71
33
57
41
52
9
164
45
49
52
9
79
55
60
159
84
316
41
66
253
93
47
13
1
164
295
29
208
29
335
399
344
167
82
20
17
76
10
87
3
1
78
214
24
17
18
101
51
9
208
292
49
583
309
3
81
99
243
28
205
6
100
88
26
455
28
603
23
280
25
19
1314
513
6
204
77
270
50
104
35
294
253
69
297
326
320
26
53
17
47
14
5
563
23
10
218
24
10
418
52
64
16
31
51
79
87
61
240
19
170
82
9
307
138
82
452
29
52
278
33
529
42
275
46
225
9
47
185
66
277
532
425
8
9
612
188
22
223
128
133
132
641
160
20
116
98
115
155
43
181
95
67
23
243
198
179
22
118
218
101
172
20
116
42
69
95
92
218
16
10
28
16
106
3
21
85
22
9
15
41
2
8
3
77
248
99
89
43
81
79
66
277
2
63
15
68
284
36
148
14
75
75
133
83
106
2
7
155
54
525
212
161
11
64
214
47
170
69
167
69
163
57
3
78
170
18
51
147
114
211
52
428
84
12
149
155
491
286
1
5
187
15
80
52
219
488
127
96
97
83
35
82
82
97
4
48
37
20
534
81
23
113
179
42
98
140
108
168
49
65
323
24
24
26
456
204
85
295
87
29
52
275
19
291
55
19
331
857
54
318
572
25
73
292
348
117
36
399
389
465
178
1439
97
52
139
173
54
329
29
2
1
6
1
4
1
1
44
6
762
199
9
72
515
248
716
658
81
867
54
180
54
131
1
1
27
9
265
42
733
102
17
36
74
161
10
296
277
13
610
806
279
794
130
310
141
89
75
434
26
228
50
3
22
116
5
227
8
124
58
145
435
24
53
104
96
33
278
13
36
231
271
240
3
74
106
7
718
164
108
165
281
91
94
155
107
66
265
10
199
577
16
43
62
170
9
72
61
75
242
43
1
53
25
11
12
251
10
9
295
120
132
105
115
6
10
35
6
18
36
340
15
43
26
196
119
61
17
157
121
88
111
102
245
29
135
40
20
127
8
145
53
312
43
9
364
6
65
29
93
316
26
158
11
55
111
15
26
379
87
75
21
44
4
20
182
42
125
11
127
1
1
56
1
172
29
39
12
82
8
135
83
55
42
17
20
27
44
34
9
1
20
19
130
9
87
51
252
72
56
210
299
179
222
119
191
118
255
132
5
20
40
4
125
43
23
41
124
110
135
13
2
199
3
212
191
217
141
53
89
413
412
379
270
261
19
4
99
217
361
16
110
148
61
311
47
9
53
22
193
4
72
201
30
64
105
41
224
241
60
238
165
290
13
517
109
302
256
64
27
23
106
44
127
71
85
5
93
94
88
46
114
80
42
34
32
62
19
10
45
83
191
11
11
13
231
92
261
42
178
99
237
178
158
92
41
48
32
255
16
74
55
5
69
32
367
6
10
82
37
7
7
9
61
35
8
8
12
51
5
55
5
1
17
4
35
5
15
19
125
11
1
42
14
10
54
75
112
180
41
72
56
20
78
3
8
1
109
68
143
11
66
58
26
35
8
4
15
63
13
15
19
64
2
49
50
58
37
10
25
88
7
33
29
7
2
25
3
43
63
58
2
97
18
124
2
28
29
46
6
170
42
71
100
27
87
10
178
78
141
22
30
124
18
22
28
43
109
4
7
15
2
17
9
14
32
97
70
47
13
11
5
91
124
50
143
77
69
13
37
130
32
184
356
200
5
11
140
56
62
5
12
42
23
30
110
20
9
42
4
75
79
1
29
4
3
17
197
214
120
13
118
326
78
22
109
79
1
49
151
11
53
217
155
94
52
9
2
7
49
118
15
120
110
54
166
124
33
16
60
116
72
34
1
162
160
34
5
390
36
27
19
366
11
927
232
100
542
66
220
24
276
424
220
101
12
107
338
413
55
88
231
322
191
154
76
219
12
337
290
143
454
103
108
176
80
40
154
86
161
38
146
183
74
10
40
15
47
117
18
58
35
121
49
60
101
302
125
9
124
486
86
6
83
12
6
16
177
158
151
76
134
409
392
585
123
2
38
238
31
503
56
291
286
893
425
57
120
20
124
23
24
1
28
211
16
21
475
39
106
33
212
10
105
38
33
25
79
199
494
30
154
21
64
4
170
34
61
105
26
56
10
89
4
73
13
44
2
7
162
193
28
86
78
45
140
403
217
558
326
40
57
6
19
66
58
361
298
264
42
126
43
84
223
251
308
625
246
738
26
98
30
35
134
230
87
260
222
359
462
457
3
474
213
111
69
44
212
125
118
81
17
211
88
92
93
37
109
8
16
16
38
44
36
74
12
20
25
144
64
125
137
59
78
6
352
269
86
209
368
132
12
37
267
575
46
90
129
512
23
110
235
35
39
26
4
144
146
17
66
19
248
576
97
146
466
16
148
111
154
278
121
151
408
14
29
18
281
6
134
26
17
1198
61
7
40
262
125
69
167
2
12
3
125
14
187
14
39
60
177
52
83
398
362
245
169
153
25
833
332
2
59
131
149
106
105
136
6
59
200
186
159
22
86
26
9
40
305
24
94
637
370
94
61
42
114
203
215
132
68
221
137
181
146
426
145
378
353
2
300
16
62
118
170
27
149
7
360
304
113
221
34
18
26
297
10
201
332
178
13
307
8
12
30
489
66
42
284
75
38
42
197
49
16
111
5
77
15
532
39
226
32
152
316
166
51
33
36
30
176
31
77
133
89
132
171
151
84
74
229
186
1
62
17
61
32
191
50
324
27
10
2
76
10
15
22
59
62
28
5
4
1
20
11
139
68
101
8
13
95
12
94
32
111
24
37
182
28
76
43
400
6
80
47
15
36
29
80
56
81
13
36
17
12
41
168
43
38
8
24
41
54
36
83
27
3
53
20
4
58
21
71
44
253
15
123
42
44
17
14
2
24
59
25
159
52
41
12
1
42
33
16
139
146
21
3
68
36
15
28
23
11
44
184
59
66
115
63
46
547
290
11
153
253
14
393
25
75
16
63
5
326
66
129
100
116
282
117
63
5
1
6
86
10
23
78
186
9
78
372
3
106
14
30
99
23
197
84
29
22
24
66
52
37
82
85
21
1
10
2
129
130
10
234
305
70
68
53
78
241
464
129
72
119
497
40
93
347
288
25
54
85
14
77
93
88
147
9
202
199
190
93
130
14
67
221
6
35
28
163
60
3
7
10
5
15
16
1
5
6
14
88
3
165
156
123
35
11
14
44
24
19
515
95
21
22
8
99
11
168
169
126
13
14
43
3
2
67
62
66
41
52
272
100
3
231
25
79
1
29
109
34
45
12
8
366
2
10
17
32
15
36
4
57
19
34
21
75
19
12
39
1
25
22
66
6
57
139
10
60
1
29
15
19
65
5
29
7
15
4
48
54
39
20
20
15
24
11
20
27
20
14
127
17
35
31
62
38
13
117
19
15
52
3
51
20
57
68
77
8
60
23
4
33
46
73
9
55
118
3
150
9
78
47
93
74
257
47
294
111
3
143
52
120
65
91
191
6
145
65
100
136
113
11
63
26
75
53
133
174
92
60
53
43
303
129
69
12
49
98
231
4
7
56
39
415
305
10
224
98
3
73
93
36
44
71
41
31
23
3
4
6
2
32
16
200
105
25
11
42
49
140
98
147
32
17
11
11
74
2
182
164
2
13
269
29
42
92
21
30
2
41
1
9
109
19
38
99
33
44
199
35
84
31
45
27
236
43
7
71
44
26
106
22
20
116
103
41
1
374
23
296
46
302
334
39
51
7
243
325
275
857
469
395
517
148
131
104
123
122
16
128
774
250
245
30
43
24
55
184
3
5
13
205
2
84
178
346
58
113
36
107
70
57
476
5
32
274
200
33
533
155
27
96
437
192
50
12
30
20
4
69
195
472
58
213
62
37
11
293
1457
60
29
105
44
15
48
185
35
61
107
6
16
30
15
375
111
161
211
295
162
7
164
59
14
99
176
53
428
8
49
22
41
226
159
4
361
217
13
56
11
5
5
118
177
20
51
143
123
49
87
74
43
15
26
253
30
148
51
175
119
132
9
253
41
324
45
44
96
5
58
177
80
13
33
30
60
11
6
73
24
145
61
91
258
102
10
9
50
56
8
45
292
214
11
33
12
356
80
108
63
54
73
81
372
378
32
75
93
177
212
261
113
1
7
202
117
99
50
82
242
114
94
68
385
6
163
6
19
35
16
106
11
35
59
83
1
11
10
11
17
58
3
57
7
16
7
13
44
12
35
3
26
11
38
54
27
49
14
11
47
22
6
27
7
22
53
15
61
30
4
19
4
6
114
76
60
5
145
6
53
15
113
21
99
58
14
31
7
19
85
3
13
18
71
70
89
43
1
10
22
3
64
6
9
6
54
28
26
37
16
42
13
23
6
3
26
64
12
28
8
2
102
47
11
22
4
77
31
14
15
15
55
78
12
17
35
25
69
149
1
14
43
23
61
11
60
92
103
79
61
74
2
41
6
21
31
14
23
3
178
5
22
44
57
26
24
151
37
45
50
230
17
20
72
14
21
32
65
121
18
61
7
279
62
20
20
29
44
15
22
2
140
109
2
49
71
76
111
127
91
35
195
5
157
43
108
88
4
25
280
13
32
159
18
37
32
13
108
43
57
2
205
4
44
74
42
54
60
5
4
50
7
3
6
10
145
92
13
2
22
147
82
17
36
164
61
4
19
46
26
30
72
96
31
9
13
94
2
63
20
147
114
54
12
88
17
34
10
1
27
10
73
15
29
10
79
23
48
5
33
6
14
130
31
40
29
32
42
88
23
8
52
24
1
14
36
14
98
65
137
103
10
130
94
43
87
13
148
22
67
3
44
62
45
44
20
26
55
39
37
62
51
44
64
73
28
45
60
13
30
124
62
25
40
95
12
10
49
59
55
110
10
26
24
14
2
60
54
7
11
22
46
49
188
64
1
49
4
5
19
120
64
2
4
178
32
39
47
37
3
16
129
45
274
20
9
23
70
13
2
41
79
23
6
90
16
22
1
32
36
14
5
35
28
13
25
23
30
12
47
68
199
184
83
383
5
76
27
46
64
106
38
89
14
149
29
80
187
6
42
10
48
8
10
38
204
35
78
36
80
35
3
75
72
19
84
19
14
13
39
15
15
120
1
3
1
175
42
24
3
30
11
55
2
79
25
60
141
97
13
115
56
9
120
104
52
26
81
13
38
13
93
5
14
19
19
13
22
12
39
26
106
24
132
11
136
75
164
160
3
39
13
1
52
25
53
21
2
5
4
23
1
82
33
1
17
39
3
59
76
13
7
25
16
26
128
29
78
23
17
33
5
75
20
24
31
31
20
49
85
132
134
147
94
53
2
84
1
27
78
86
99
57
48
8
197
15
15
5
4
191
3
111
88
222
19
27
71
30
1
23
121
102
29
124
36
129
1
1
1
233
2
25
29
12
66
5
7
65
1
73
2
74
49
17
11
99
20
44
1
8
43
10
26
2
1
74
5
3
90
41
51
58
102
352
44
115
46
8
172
28
20
5
13
32
138
71
123
12
96
186
39
59
210
15
62
35
22
122
33
33
2
49
62
5
20
21
20
13
25
14
37
1
88
21
29
13
51
1
37
10
114
59
25
9
128
6
31
14
2
15
65
11
32
2
6
14
50
42
32
143
34
64
31
22
49
17
43
38
53
17
15
14
17
24
22
26
19
3
8
43
4
11
66
47
104
33
26
134
48
1
24
74
102
18
135
67
10
214
219
18
117
228
34
19
99
14
11
169
157
69
53
145
51
84
3
8
41
195
38
78
23
167
35
15
29
111
46
22
34
17
12
77
14
121
44
68
43
252
139
119
64
51
185
168
102
22
81
543
73
19
345
151
5
10
21
126
194
166
8
5
5
45
14
70
33
5
199
84
33
71
64
75
1
51
267
118
40
356
11
112
85
294
323
126
9
178
2
15
209
203
15
4
87
10
25
1
62
33
20
7
19
77
27
17
5
27
31
47
96
32
8
11
22
133
188
201
166
41
15
75
135
26
15
13
138
12
39
32
45
69
215
51
213
30
258
154
18
142
12
110
306
61
1
20
10
35
19
88
64
50
55
27
133
102
21
16
90
35
188
46
4
92
30
180
52
300
9
77
113
31
26
43
36
43
73
96
42
33
62
12
147
39
41
13
33
114
140
406
55
21
3
52
78
157
18
24
93
112
15
45
29
96
134
16
34
281
15
66
46
7
174
1
102
1
55
20
6
27
77
102
92
20
64
81
43
42
233
25
140
45
88
60
41
29
59
3
6
6
20
57
45
3
47
71
9
11
7
3
222
8
87
76
64
108
12
43
67
28
122
135
103
43
21
5
65
116
7
50
189
23
82
270
43
75
61
299
261
38
2
37
22
156
39
124
11
250
33
64
104
63
43
91
34
8
21
49
98
294
78
104
162
45
56
3
20
82
217
37
16
33
2
19
103
8
101
4
17
2
39
11
94
21
145
164
7
20
46
16
15
43
9
97
69
3
16
133
87
348
21
34
115
16
16
195
39
46
4
3
99
23
19
59
14
18
27
174
306
24
355
2
79
11
6
3
28
2
84
108
130
22
157
19
10
60
4
445
70
225
93
125
17
43
10
182
39
13
113
18
38
132
20
14
31
33
66
8
11
64
10
2
6
19
93
74
36
27
55
78
39
68
3
103
19
50
268
18
99
21
85
65
103
64
90
131
100
28
9
18
35
12
38
69
51
179
1
286
236
1
1
381
43
24
573
174
32
406
236
41
176
105
189
176
113
116
10
12
181
248
482
224
34
185
157
25
213
4
95
127
42
5
15
30
3
49
148
315
423
27
9
52
10
49
110
2
61
226
13
63
35
122
40
30
220
6
421
5
4
39
80
47
24
406
152
8
16
2
77
5
348
188
97
156
69
23
72
80
63
41
216
197
9
23
49
28
57
68
109
6
236
36
68
36
19
131
14
495
24
236
27
105
62
59
1
1
34
2
1
35
524
478
454
60
400
41
2
1446
134
398
24
9
11
168
452
22
36
28
130
78
231
153
638
51
34
37
37
409
64
43
27
238
66
4
47
33
83
281
11
255
101
8
88
4
292
49
107
206
134
141
163
10
34
118
1
169
425
365
585
114
32
136
27
36
32
6
121
101
12
21
1
3
11
13
51
679
117
85
108
217
5
62
40
48
15
401
260
63
51
43
235
49
532
34
77
45
174
755
92
395
79
45
58
19
129
88
58
54
18
1
1
5
5
99
55
40
256
140
66
75
80
481
69
72
260
85
222
245
42
68
60
78
91
27
670
18
66
332
71
1
88
281
303
204
19
390
18
421
73
247
169
186
97
993
22
194
406
477
230
260
28
48
47
153
678
163
28
359
364
462
244
106
139
218
63
122
34
168
234
153
140
36
122
20
113
290
142
248
115
29
4
167
58
61
40
100
318
36
1
182
57
32
97
3
11
110
93
148
205
119
430
41
251
102
38
162
13
10
22
96
161
74
418
16
266
12
3
1
3
86
8
98
195
204
198
45
16
50
15
75
69
184
24
32
6
4
68
18
9
258
80
7
297
346
83
138
131
139
106
76
29
111
16
1
18
206
88
5
43
213
166
82
138
212
197
29
33
38
172
96
197
42
92
117
2
237
86
18
162
39
40
72
21
37
95
78
178
90
49
11
33
20
11
36
97
65
131
79
90
1
61
146
97
197
85
63
110
70
52
18
29
25
39
67
83
121
69
126
99
22
8
20
245
205
7
52
45
340
63
29
55
31
50
168
14
8
69
34
279
60
258
430
26
72
8
59
386
64
54
76
576
544
112
19
409
95
7
231
77
87
26
121
112
78
90
47
205
62
198
92
70
369
144
98
193
118
265
308
83
39
66
36
5
106
8
204
5
250
120
92
22
32
63
8
193
287
8
450
51
47
247
588
105
283
213
1
809
34
178
285
197
302
60
396
61
213
1
213
263
75
15
209
66
119
28
73
630
1049
51
418
10
294
257
140
21
247
124
235
13
2
201
266
426
78
147
152
342
125
1240
121
4
527
679
61
92
16
188
54
84
68
22
126
71
4
15
71
2
51
5
81
96
146
14
243
33
32
72
115
20
136
4
149
4
130
370
1377
50
36
65
168
110
62
2
270
35
91
205
6
159
95
32
364
154
818
540
98
12
19
211
74
41
6
241
110
80
204
117
185
197
26
111
8
333
156
387
686
135
739
72
599
233
6
344
139
890
263
410
2731
32
435
88
236
915
220
347
86
201
214
51
170
188
117
166
277
164
102
102
488
29
14
2
29
427
649
994
178
408
11
123
76
47
249
347
467
85
226
210
87
4
157
3
1
129
267
389
310
48
169
310
19
441
81
131
513
260
418
1
486
24
69
442
36
415
707
161
55
49
235
20
37
80
65
64
47
397
54
158
103
38
94
26
86
35
1
50
8
50
57
12
44
45
217
53
52
4
19
37
2
93
44
10
64
83
128
7
86
24
72
58
65
129
488
20
369
112
135
178
1
74
256
269
75
45
46
55
37
44
68
47
140
130
178
295
932
320
331
3
48
982
180
225
96
12
30
281
441
194
10
183
473
392
31
54
64
72
37
26
31
50
233
29
65
44
87
97
173
98
48
39
77
28
43
26
125
140
7
11
28
90
44
15
35
104
127
1
3
30
21
65
32
13
17
121
6
318
63
153
57
120
212
66
77
68
65
26
36
6
117
22
360
80
174
155
86
53
77
177
61
170
289
15
8
26
167
99
182
44
66
190
18
49
6
607
2
1017
129
1024
1515
10
4
112
104
1104
26
22
47
1
53
108
38
149
48
24
89
2
21
5
2
45
476
59
56
26
4
14
29
89
34
3
42
24
119
76
97
51
38
19
119
36
10
412
232
502
372
879
50
29
238
19
16
29
40
41
261
137
40
1
320
29
148
44
57
85
72
57
318
89
48
67
37
16
137
129
29
32
177
132
40
11
57
124
9
126
218
89
48
306
275
318
13
2
328
104
121
397
10
6
82
520
88
162
225
2040
774
1151
178
919
438
425
497
39
241
810
47
170
124
188
295
323
316
61
47
23
628
89
35
617
3
448
27
333
215
485
29
100
80
91
57
74
108
377
584
263
54
8
406
263
494
184
573
182
107
871
96
201
571
135
172
149
44
270
64
216
154
112
192
72
103
35
6
2
85
358
89
330
2
57
124
803
562
942
1
60
22
93
56
258
643
456
134
164
81
100
39
75
210
165
180
131
225
386
179
129
676
843
258
78
430
91
87
260
774
119
16
45
408
461
80
4
66
1456
63
424
95
433
910
214
9
140
308
33
35
60
79
667
269
346
216
888
139
87
439
52
1444
740
1233
208
204
225
93
424
442
23
673
13
96
69
22
152
8
978
58
275
187
62
7
39
98
98
3
15
125
96
262
434
743
82
14
20
96
357
55
42
173
306
274
12
4
604
55
201
84
61
357
835
11
12
357
206
50
112
64
11
865
650
240
151
628
83
218
467
275
7
172
79
172
1
1522
5
241
551
14
51
319
256
365
126
56
237
28
5
190
202
439
36
160
184
236
4
28
151
33
47
207
247
107
233
10
42
142
543
134
23
393
17
29
229
68
6
51
102
807
54
1
129
145
7
339
403
205
568
76
41
243
108
2
1
81
413
446
131
17
599
249
168
188
255
42
37
57
4
105
1996
43
820
130
406
7
32
39
164
942
69
354
645
1286
708
196
776
65
59
179
120
1179
468
49
213
12
129
56
139
324
291
21
27
13
60
113
4
239
406
341
243
731
287
487
89
98
29
118
501
9
365
227
83
21
42
1
712
657
911
532
505
3
1
299
760
203
286
641
17
31
509
376
48
232
341
56
40
21
3
98
780
685
37
36
191
296
52
62
198
353
35
129
963
151
123
5
37
487
223
789
53
635
2
290
2831
301
8
5
6
1
3
8
41
61
812
1057
286
203
593
241
36
523
1400
217
417
2014
2206
1068
85
106
15
55
647
486
13
103
65
1679
128
17
412
41
243
126
65
232
392
58
1
79
187
818
268
226
517
17
360
339
893
216
92
19
619
259
967
81
559
473
144
81
354
224
16
149
416
715
72
9
199
318
111
126
428
1220
28
51
764
1
248
21
206
247
183
255
565
194
58
51
359
162
54
159
596
9
667
395
4
541
146
49
125
11
77
109
263
61
119
38
172
76
45
64
62
239
10
156
49
194
245
62
1
68
95
1
95
108
160
488
438
557
88
101
9
59
88
3
2
126
192
909
33
170
185
38
77
37
72
85
176
7
120
71
155
81
348
168
157
62
97
16
95
66
2
167
275
268
51
177
419
169
26
229
11
312
127
43
105
285
94
416
565
111
198
428
146
16
111
88
3
5
192
29
5
4
320
2
553
26
10
65
1372
15
166
69
982
32
21
209
28
586
249
268
12
147
96
11
393
326
288
205
32
8
7
3
5
53
5
44
128
235
24
69
1
79
272
168
11
182
92
76
287
146
56
19
36
63
124
379
336
4
1
2
3087
355
29
141
92
813
58
210
30
112
170
102
117
83
13
26
35
35
991
160
70
5
439
24
155
13
51
193
7
237
134
164
4
126
5
81
16
10
73
216
8
196
22
118
9
1
81
149
168
2
120
106
10
3
69
166
252
154
180
92
1
281
23
4
30
146
430
44
29
11
12
276
46
11
3
26
10
41
1
8
11
1
19
379
247
1
1
17
30
6
52
13
3
2
1
1
9
3
37
1
7
12
1
30
3
17
3
10
1
1
2
5
3
0
0
0
0
0
0
0
0
0
0
0
0
0
0
0
0
0
0
0
0
0
0
0
0
0
0
0
0
0
0
0
0
0
0
0
0
0
0
0
0
0
0
0
0
0
0
0
0
0
0
0
0
0
0
0
0
0
0
0
0
0
0
0
0
0
0
0
0
0
0
0
0
0
0
0
0
0
