4
31
275
3
9
22
70
67
9
1
15
7
13
20
1
1
42
1
9
9
5
7
1
14
2
5
1
3
2
2
1
2
8
1
5
2
1
2
4
5
7
1
1
4
1
1
1
2
3
1
2
2
1
1
3
2
1
7
2
1
9
4
1
3
2
1
5
42
1
5
1
6
9
1
11
2
1
1
1
44
4
2
2
1
3
6
4
2
4
1
5
2
1
5
3
1
4
5
18
8
5
4
3
5
50
16
5
2
1
5
3
16
26
2
1
7
1
34
10
1
22
19
1
36
1
3
4
3
5
3
8
2
13
15
1
1
29
6
6
2
5
6
1
8
4
1
1
1
1
1
3
2
3
10
1
12
4
1
2
2
13
7
8
4
18
1
5
1
5
1
6
1
2
6
1
6
1
3
3
1
2
2
6
2
9
2
6
3
1
1
1
1
1
2
10
9
1
23
2
5
3
7
13
3
28
7
19
5
46
1
7
5
47
13
4
4
5
9
70
1
3
4
1
6
7
1
6
22
6
2
32
21
11
5
8
20
4
4
5
7
4
3
1
9
2
9
1
1
6
1
85
5
39
12
1
6
1
5
12
1
15
2
1
2
14
2
27
9
4
52
10
1
13
17
5
2
10
2
13
7
3
2
6
6
4
15
2
4
53
1
4
1
2
17
1
6
4
4
2
11
3
1
8
9
1
7
4
13
7
2
2
11
19
6
5
2
2
2
9
13
5
7
16
20
2
3
8
9
3
1
1
6
2
2
1
15
11
132
17
1
39
6
2
1
5
1
5
1
3
5
1
2
2
4
1
12
1
7
1
17
4
24
1
4
1
2
6
29
6
2
2
1
7
4
6
2
4
13
6
4
3
3
1
1
3
6
2
2
2
6
5
1
9
2
8
2
3
14
2
1
4
3
2
4
1
8
3
6
3
15
4
7
1
102
8
12
9
86
14
19
18
120
1
1
3
3
3
1
6
1
3
1
13
8
12
12
1
5
1
5
1
8
10
2
17
106
9
1
1
9
3
1
1
1
4
7
2
3
1
1
3
6
3
5
8
7
2
7
8
1
1
8
10
2
8
2
3
1
7
1
1
2
1
12
3
9
3
2
11
3
2
35
21
2
3
1
5
1
11
10
1
6
16
1
1
1
5
2
5
1
2
15
52
9
26
1
89
2
14
1
1
1
3
9
6
3
2
6
9
16
98
2
6
9
1
1
10
2
30
7
15
1
37
20
34
3
6
3
1
38
10
2
4
56
41
1
7
2
1
3
8
12
4
2
3
17
25
3
10
4
5
1
22
5
27
17
2
4
3
1
12
1
1
3
1
14
3
1
16
17
12
32
32
1
28
8
1
1
38
1
5
4
59
7
2
8
9
3
1
1
14
10
22
20
7
5
1
14
8
10
11
3
7
40
10
1
20
18
25
16
49
66
12
7
4
1
10
20
5
8
11
1
2
42
23
35
4
8
1
9
13
7
34
1
5
1
15
110
3
63
39
3
11
2
20
17
1
2
38
4
2
6
44
9
3
1
7
1
4
100
59
6
2
10
6
21
39
8
22
10
171
63
2
1
1
20
1
6
3
80
2
8
19
47
2
1
19
10
1
19
117
50
13
1
70
8
2
10
6
1
8
76
8
20
22
3
32
1
29
7
2
27
1
7
1
5
49
2
27
4
15
3
6
2
2
9
68
15
17
2
39
48
102
104
7
68
8
58
45
63
28
7
7
21
49
8
1
8
66
1
15
17
12
25
5
2
10
214
63
3
1
82
3
16
2
8
9
15
69
1
56
52
6
43
2
10
27
13
29
11
2
1
7
40
4
1
3
2
32
39
12
77
68
1
70
13
8
1
11
5
71
2
2
7
6
10
25
1
22
2
13
10
1
8
2
25
1
9
2
2
27
17
9
1
4
28
12
3
1
4
4
1
16
1
10
5
8
1
3
1
24
4
2
1
2
2
1
1
13
4
27
2
1
5
29
11
1
1443
602
722
601
368
299
738
186
547
238
12
3
7
8
15
4
4
5
1
5
7
1
2
5
6
1
2
2
1
4
2
1
1
5
1
2
2
8
1
24
20
30
376
15
65
7
32
75
84
119
35
5
427
1
20
2
5
11
4
33
2
4
6
13
9
8
28
1
6
3
30
9
33
10
15
15
27
89
14
6
88
21
146
2
10
328
10
69
1
19
1
1
1021
21
3
154
336
514
262
62
143
45
61
6
28
33
1
1
2
2
4
1
3
10
1
2
2
1
2
1
15
7
1
2
4
4
6
3
1
4
17
2
1
66
1
1
2
1
2
3
1
11
4
1
1
4
2
1
1
1
1
1
2
15
21
50
5
2
8
13
17
59
29
17
17
45
25
50
43
28
17
41
10
87
123
28
114
3
5
68
74
8
9
81
2
1
1
1
1
1
2
4
2
3
3
1
2
1
3
9
1
1
5
4
2
1
6
2
4
1
2
2
5
1
2
10
2
4
1
2
1
10
1
1
1
6
1
3
4
1
2
9
1
3
1
4
3
1
3
6
2
238
97
41
106
41
54
53
112
133
12
26
21
76
60
5
32
228
104
86
122
48
48
3
84
208
266
174
130
27
166
86
3
2
123
35
16
15
12
85
209
4
42
60
11
9
275
11
1
540
35
228
206
16
56
95
21
189
1
85
241
173
200
120
77
157
100
10
3
26
167
111
68
28
10
19
4
14
90
4
49
90
53
106
3
14
48
48
1
24
18
10
121
32
48
9
3
36
21
92
56
1
102
16
1
69
32
9
39
48
32
11
79
11
7
71
264
92
173
23
102
216
41
34
70
210
105
135
3
3
60
37
47
59
32
131
113
139
3
149
102
40
69
123
51
215
4
53
5
12
145
22
93
256
19
15
215
96
66
4
54
250
98
112
76
36
33
38
102
176
37
19
42
214
66
340
57
303
34
96
252
53
39
4
3
15
27
302
61
84
128
216
101
45
435
108
7
21
59
27
42
123
349
474
318
45
31
90
63
50
32
23
16
267
162
8
1
257
392
75
174
41
239
360
217
127
166
99
578
389
36
58
414
74
395
119
199
127
21
385
3
291
116
145
88
38
204
8
15
13
44
169
61
19
277
228
263
24
89
1
81
59
40
163
331
232
106
148
116
81
103
264
195
33
15
2
100
133
81
93
307
94
36
96
86
305
11
153
26
134
45
158
91
102
82
124
4
55
60
6
113
31
58
182
187
81
3
1
29
107
147
69
82
61
12
465
25
48
75
22
74
77
14
64
89
21
79
179
3
423
266
173
414
81
204
94
38
206
85
304
350
96
358
272
145
116
1
1
464
343
3
30
6
68
201
31
456
92
63
263
11
166
57
133
312
29
58
45
614
29
275
561
27
270
156
2
2
9
94
346
58
31
131
32
81
460
46
92
320
277
94
122
80
70
85
22
32
77
150
103
48
21
86
193
90
52
5
57
316
180
356
2
6
54
192
32
138
12
93
51
302
99
66
306
1
7
28
6
1
27
61
1
1
4
16
1
1
2
2
2
2
2
7
7
3
1
7
1
2
1
3
1
1
1
2
1
1
2
1
1
1
1
3
1
6
1
1
2
4
2
1
1
1
2
1
2
2
1
2
48
4
4
1
116
81
4
1
3
22
1
1
53
6
12
1
5
1
2
1
7
2
4
2
58
19
2
7
3
3
1
1
2
1
1
2
2
1
3
2
10
3
2
4
2
1
2
2
8
1
11
1
1
2
3
1
8
4
1
14
3
1
5
2
3
34
11
1
7
2
3
14
2
3
1
20
2
3
1
1
9
19
11
5
5
5
10
1
5
2
2
4
7
1
1
1
7
8
5
2
4
8
7
2
8
2
2
4
2
6
4
2
1
3
1
3
2
1
4
1
1
21
6
2
2
38
6
9
3
4
6
3
3
2
1
2
7
2
2
1
10
2
8
1
1
2
1
3
3
5
1
9
2
1
1
1
1
2
13
2
3
2
3
4
1
7
1
10
2
2
2
1
2
5
2
2
6
3
1
2
1
2
3
9
3
17
2
6
7
2
10
4
9
1
27
3
13
7
22
5
6
2
9
1
35
9
9
4
2
2
2
1
21
3
11
1
2
9
3
8
3
2
38
13
6
5
3
2
4
1
3
7
3
3
10
3
2
4
2
11
7
4
5
7
596
82
48
425
25
335
76
2
193
7
138
70
49
80
3
25
34
6
1
2
3
11
56
36
504
30
200
19
127
201
92
204
163
338
44
30
16
76
46
27
7
6
238
306
1
4
70
84
425
117
13
10
133
68
46
5
115
67
38
112
322
220
97
91
70
46
103
494
47
7
235
50
21
17
20
98
4
122
96
86
96
10
270
236
165
6
217
3
220
56
77
27
169
39
6
134
269
1
1
1
1
1
1
1
1
266
10
2
144
4
155
139
3
62
84
142
106
13
18
44
33
3
29
8
30
358
26
12
72
3
19
12
45
128
21
7
64
2
89
72
22
30
19
36
8
1
1
80
102
250
1
48
50
45
57
96
129
80
28
29
85
60
91
88
79
6
205
29
14
38
18
3
39
82
128
54
5
80
67
10
8
180
26
17
85
101
132
77
41
92
8
31
149
7
44
29
3
35
13
65
31
1
167
114
35
74
64
1
4
24
10
23
31
2
212
114
28
20
52
33
2
36
7
38
15
12
31
50
235
102
26
26
25
70
11
27
56
2
8
28
15
43
49
45
95
37
47
50
20
127
31
5
222
58
88
14
18
128
24
17
70
76
72
5
22
205
31
33
6
44
8
81
123
57
55
33
55
1
6
110
107
50
540
17
42
1
38
29
155
3
46
10
386
290
22
296
137
121
638
134
74
538
47
5
4
49
706
122
86
108
192
109
31
37
231
262
124
310
54
16
146
39
23
16
11
42
25
85
3
186
549
97
193
32
144
418
120
171
160
44
140
80
4
25
5
45
182
43
36
134
46
12
127
5
48
23
7
416
10
104
47
3
109
125
164
111
221
1
63
11
144
11
254
153
204
124
132
113
54
82
27
83
15
179
191
530
103
394
206
52
303
10
51
323
303
21
317
139
231
9
38
62
47
94
169
87
244
64
38
20
80
396
118
90
43
91
27
19
124
182
63
138
98
193
22
10
6
32
84
114
16
109
104
4
72
120
26
99
34
115
2
20
29
486
7
321
91
131
150
120
490
33
2
5
542
367
403
51
129
96
138
101
150
600
209
70
52
23
13
51
25
110
5
40
14
8
151
302
1
178
129
251
131
190
26
13
118
7
5
110
226
30
223
164
32
7
10
10
7
1
1
9
3
10
4
2
7
2
5
11
3
3
6
1
1
1
10
11
5
7
1
1
3
5
4
7
8
82
24
2
4
1
2
4
3
2
1
10
2
1
2
1
1
1
3
4
2
5
4
1
1
2
1
1
5
1
4
2
29
4
5
4
1
1
1
2
4
4
5
1
4
1
9
1
11
6
2
1
3
4
2
1
1
33
1
1
6
1
6
1
3
2
18
4
1
2
1
6
6
2
2
4
12
1
4
1
13
3
21
4
2
2
4
7
7
8
1
1
18
5
1
31
16
4
1
10
1
22
3
8
1
31
22
1
3
3
1
4
2
4
2
1
1
12
2
4
11
5
15
2
3
1
2
2
3
1
1
2
1
2
4
1
1
4
2
16
1
2
3
7
2
2
2
2
2
3
2
1
1
7
2
1
1
1
1
3
2
2
2
1
3
2
2
1
1
1
1
3
2
2
1
4
2
2
1
1
1
2
1
2
5
2
6
2
5
2
1
1
3
3
2
2
1
1
2
2
11
51
1
3
3
2
4
2
2
2
5
1
1
1
2
2
1
5
9
14
1
1
2
2
1
1
2
1
2
2
1
19
1
1
17
1
3
14
3
7
1
2
5
6
1
5
13
7
2
1
3
1
1
4
26
3
28
11
5
9
1
4
2
4
1
1
3
1
2
2
3
3
1
3
12
4
31
1
1
5
16
9
3
5
3
10
2
1
3
4
4
1
8
3
1
2
2
2
2
5
1
4
1
1
3
2
3
60
4
10
11
1
1
132
1
5
9
2
3
6
8
8
2
1
8
3
1
8
2
2
1
9
3
37
9
61
2
1
2
3
4
1
1
2
5
4
7
1
3
1
1
2
1
7
1
1
13
3
1
2
2
3
1
1
1
2
2
1
4
2
8
1
6
14
6
507
194
5
31
173
6
2
2
46
33
5
6
87
41
28
86
127
200
55
1
152
11
22
132
51
104
23
62
33
19
75
11
170
26
28
167
43
53
27
54
12
55
136
60
189
31
16
98
79
67
38
3
183
11
190
106
153
108
148
48
44
19
102
19
212
51
1
91
62
36
2
133
66
13
145
247
66
5
8
19
5
46
115
19
33
30
156
354
141
289
182
747
1094
411
128
188
251
89
146
535
231
42
189
36
27
218
96
154
30
5
14
6
110
7
10
46
53
11
14
21
61
72
386
43
15
32
25
138
101
66
29
86
39
94
63
30
225
116
94
13
87
66
39
158
136
22
209
7
10
167
62
43
53
136
196
197
123
102
75
85
316
4
81
39
1
92
124
91
103
136
5
105
136
27
30
44
52
113
109
254
94
75
218
97
31
35
2
40
344
94
119
93
71
34
76
13
12
35
67
120
290
26
28
244
289
43
247
40
482
248
72
235
3
294
195
48
64
137
144
76
56
6
110
2
15
221
249
23
29
25
353
255
91
171
60
28
70
73
10
251
231
129
16
76
41
10
1
2
7
1
1
11
2
1
2
5
1
1
11
5
1
1
2
11
6
5
1
10
3
4
1
1
4
1
2
1
2
2
8
2
2
6
3
1
1
2
4
1
5
2
2
7
2
11
1
1
2
2
1
2
1
7
2
2
2
9
1
1
2
1
1
3
5
1
5
1
1
3
3
3
19
5
6
1
11
22
2
5
2
1
1
2
1
2
1
1
2
5
2
1
4
1
1
1
1
8
6
1
9
1
29
7
2
2
1
3
1
2
2
1
31
2
4
2
2
1
4
1
2
1
3
3
1
3
2
10
3
32
2
2
10
2
12
1
18
1
4
2
5
6
3
8
1
1
2
37
4
5
3
1
11
1
13
6
8
17
7
1
2
38
2
22
2
2
2
3
4
1
1
1
4
5
2
3
1
1
17
2
3
1
3
1
4
2
4
1
3
5
1
5
20
11
2
2
2
3
1
3
7
7
2
2
12
6
15
3
2
2
10
2
4
3
3
3
4
8
1
1
2
4
1
2
2
2
1
7
4
2
1
3
1
1
3
2
3
1
7
2
4
10
9
2
1
3
1
2
1
1
5
1
1
3
2
3
1
1
2
1
2
1
10
5
3
5
2
1
3
3
5
3
1
4
6
3
1
1
4
21
1
1
2
1
3
1
1
1
1
1
3
1
18
3
3
2
1
1
1
3
3
1
4
1
1
6
1
1
1
1
10
4
2
5
62
29
1
3
1
2
1
2
2
1
2
1
8
13
1
1
7
2
3
2
3
2
4
6
1
1
6
3
7
15
1
8
22
14
3
12
3
4
2
1
3
5
1
16
15
5
2
36
1
3
21
9
2
2
5
1
12
38
1
2
2
2
1
2
3
2
10
13
1
4
4
3
4
1
4
2
2
1
1
7
10
2
2
1
1
7
2
3
1
1
2
1
3
2
1
1
2
2
4
1
5
1
12
9
2
1
6
22
4
3
1
1
1
10
4
3
1
4
7
9
2
1
2
1
3
2
1
1
2
2
1
1
2
1
2
2
1
4
1
1
1
1
1
3
2
1
1
322
152
77
19
1
1
1
1
4
1
4
3
15
1
11
3
1
1
1
12
7
6
7
1
24
5
11
2
59
3
2
20
1
53
2
14
5
2
25
27
1
42
2
44
8
12
16
5
1
9
2
2
4
1
1
6
1
1
2
5
1
2
3
1
2
2
2
1
1
1
1
1
1
1
4
10
1
1
1
1
2
1
1
2
1
5
2
1
13
4
4
2
1
1
1
1
3
5
1
1
7
3
1
2
1
1
2
122
22
5
11
177
100
30
309
258
132
138
97
12
22
148
12
86
201
54
5
62
26
270
237
72
12
50
194
17
115
34
111
101
76
98
355
72
19
114
581
26
28
102
89
19
89
551
50
49
44
108
7
64
51
252
100
221
150
35
320
37
56
495
38
219
63
126
144
18
10
13
58
56
190
87
11
1
40
42
18
21
30
37
42
42
61
193
20
17
270
4
153
3
1
7
18
57
150
21
13
93
49
35
4
72
6
36
45
156
66
67
97
6
74
13
105
3
2
25
5
108
43
488
31
179
20
29
177
254
269
28
25
12
16
18
2
246
141
40
218
13
46
137
129
236
36
191
73
111
4
1
137
124
214
136
199
2
264
102
1
27
11
7
14
22
32
96
304
58
177
349
251
15
303
210
1072
195
42
735
211
7
1
530
3
57
20
160
50
6
10
36
9
42
58
121
569
489
28
233
199
3
1
26
157
124
684
5
57
18
49
16
35
148
66
107
16
75
8
4
3
19
80
10
11
14
14
3
1
1
8
5
15
7
15
1
6
8
1
5
3
1
11
4
6
1
94
4
14
174
1
29
24
168
2
77
23
251
89
8
52
3
9
84
12
45
101
6
8
580
5
141
34
142
89
14
1046
643
226
956
343
22
33
17
167
208
1
1
37
92
25
78
102
166
162
86
58
23
41
234
44
104
43
16
3
18
93
83
37
63
17
16
2
60
42
17
127
71
61
14
28
150
162
214
584
175
167
2
1
127
13
11
409
66
4
67
49
267
25
179
71
71
25
10
15
31
15
37
42
148
527
67
131
4
4
62
61
38
5
39
78
3
1
180
108
120
3
7
120
103
5
71
116
69
3
101
136
124
22
207
337
108
147
644
1111
5
8
12
157
7
307
69
101
147
111
106
18
309
38
98
129
80
35
193
12
124
78
442
395
19
17
375
9
10
85
197
24
3
21
8
27
2
62
221
42
73
88
8
62
38
499
5
140
48
177
121
24
17
11
6
3349
185
233
147
71
229
4
306
45
293
30
13
132
3
44
25
24
22
92
36
53
30
169
31
8
6
7
3
33
67
186
100
47
26
17
4
9
12
24
10
22
35
28
95
14
60
233
49
63
80
97
8
4
161
280
71
93
29
102
51
51
85
60
46
75
119
61
81
6
185
68
225
84
34
66
112
1
46
18
105
12
57
62
100
225
48
12
127
87
75
131
39
43
76
25
113
42
103
13
97
51
133
103
13
149
75
49
91
27
200
43
327
26
386
286
448
22
108
61
24
55
295
107
38
331
59
45
76
217
287
161
611
397
132
46
315
1
119
172
69
61
108
218
67
22
1
302
6
31
31
54
130
122
170
177
167
1202
22
3
141
235
433
3
1
531
13
15
11
460
20
330
121
30
10
472
3
253
199
54
411
34
1550
239
502
152
1
21
453
389
382
71
67
24
277
100
21
69
126
148
62
35
330
71
330
15
75
147
145
251
158
9
39
42
173
442
479
364
49
315
102
67
76
111
167
66
3
111
19
8
92
80
61
11
10
170
11
62
31
2
8
51
100
36
110
68
50
3
19
85
47
139
95
92
106
17
29
190
633
311
111
23
126
235
143
30
158
264
1
7
301
108
231
406
114
171
5
49
247
281
253
552
17
17
26
20
117
3
72
2
19
45
11
3
24
11
6
11
63
33
182
1
26
45
3
3
1
183
2
61
1
12
4
145
3
7
1
42
4
167
25
82
2
3
18
4
2
65
19
11
4
24
1
21
1
1
22
30
4
2
34
66
5
16
1
3
10
10
6
33
6
5
20
41
3
7
3
16
3
12
19
2
2
2
8
4
11
13
5
4
16
7
4
13
2
14
4
11
18
2
7
2
11
8
14
7
5
3
13
14
3
28
6
11
13
3
1
1
16
1
1
1
11
1
31
3
9
7
6
1
202
1
14
45
106
38
81
17
22
125
33
73
12
86
80
197
33
58
34
234
149
31
51
10
41
31
107
57
80
3
34
4
56
87
2
64
43
50
1
112
3
88
22
38
6
16
3
15
164
199
28
27
45
4
32
144
25
15
119
7
42
75
9
159
39
3
20
22
7
48
7
7
55
13
133
33
143
35
348
79
1
94
117
389
11
75
15
56
52
105
37
50
46
261
83
151
133
252
295
187
3
67
17
184
1
74
6
84
43
5
6
164
121
1
79
18
69
2
7
293
143
149
69
70
41
330
10
160
10
20
95
61
88
9
6
129
31
73
19
12
106
165
21
216
39
176
195
38
3
2
118
37
30
102
146
47
69
32
37
35
40
23
99
191
55
69
220
47
596
150
83
91
125
54
46
195
24
111
83
17
24
13
1
109
7
1
13
8
39
7
28
41
13
42
10
16
32
130
192
33
32
13
56
133
24
161
34
3
116
15
28
72
90
22
130
221
53
17
18
7
1
11
12
20
2
22
31
63
41
73
174
164
91
217
45
152
92
16
124
28
22
17
42
16
70
251
2
143
10
20
34
246
133
162
2
95
65
7
3
118
65
153
110
208
4
31
1
39
4
19
49
25
79
3
36
152
6
122
3
4
80
4
6
3
2
35
42
86
7
134
1
148
73
90
118
125
40
27
8
110
12
229
74
466
16
116
388
2
124
74
16
6
9
41
233
30
120
162
456
238
35
261
4
39
165
2
28
3
532
94
203
152
232
124
53
2
73
74
76
322
15
2
13
78
179
32
280
9
9
321
33
118
117
603
111
220
237
228
61
57
169
10
75
71
84
119
161
106
87
1
7
11
77
121
73
304
59
60
156
65
24
23
93
3
19
7
86
1
211
24
121
1
3
10
49
222
23
8
37
2
6
2
6
1
1
20
3
2
6
3
1
1
1
1
1
1
5
1
13
1
1
1
5
7
1
1
3
4
1
1
18
1
3
3
2
13
3
1
3
2
5
1
1
9
1
1
5
93
172
35
233
27
8
53
20
33
68
23
23
30
88
17
50
69
101
36
122
359
16
51
68
256
14
63
78
100
196
27
6
203
1
233
101
53
114
28
32
82
95
93
62
47
91
2
298
103
216
65
203
108
33
104
17
86
223
142
23
73
167
333
111
103
76
101
102
526
1226
446
9
1403
200
22
4
1228
585
13
33
539
50
46
224
20
49
382
249
13
195
178
34
78
45
85
78
267
98
16
323
258
55
9
7
93
43
2
118
206
91
192
75
36
53
200
211
411
143
139
71
146
1
103
52
129
9
43
18
9
85
178
370
70
34
68
113
136
34
41
9
35
19
49
153
41
72
20
106
4
11
250
9
22
13
99
50
6
81
17
9
10
12
74
15
3
22
87
17
90
52
7
13
55
48
7
38
64
17
31
21
53
14
39
74
26
1
26
216
39
160
8
8
62
13
66
129
38
108
76
196
128
27
10
134
9
5
47
165
19
47
114
31
4
23
54
29
16
8
119
96
382
21
155
366
191
120
53
271
56
344
67
56
262
59
5
294
255
81
100
287
24
132
13
67
148
77
61
84
8
96
35
149
68
16
62
300
129
14
167
32
24
92
248
44
137
148
299
44
32
36
309
86
18
222
151
27
59
80
59
1
25
93
109
156
114
19
82
61
455
98
14
90
68
54
38
88
43
79
42
294
46
66
44
26
177
604
114
10
49
118
93
71
5
23
54
64
5
3
139
15
1
192
38
33
106
131
310
51
30
188
25
38
4
74
90
3
146
34
2
26
55
56
139
154
91
42
5
174
21
93
117
33
17
52
26
15
6
19
34
56
10
40
47
41
14
8
60
155
48
18
71
37
16
2
71
83
7
11
39
13
60
49
457
786
91
131
4
42
161
41
157
7
195
22
18
41
24
27
50
33
19
120
2
3
170
257
139
21
332
146
184
389
352
41
9
153
113
85
12
121
81
8
10
92
99
92
21
50
170
89
225
260
65
60
103
165
51
279
32
82
41
6
26
1
44
98
537
33
25
1
51
76
1
81
134
160
245
78
67
78
159
33
340
5
17
209
7
17
8
48
4
1
43
11
126
19
1
134
54
121
109
8
40
30
4
196
185
208
43
253
98
109
77
65
170
121
124
78
59
43
38
54
160
34
266
116
64
41
30
83
21
21
10
145
45
71
286
22
24
106
38
77
60
25
113
50
101
77
284
2
235
21
38
283
57
4
8
106
177
20
20
101
446
102
6
113
7
1
40
41
53
31
7
65
50
47
42
2
24
85
45
25
124
74
104
63
114
28
35
1
1
2
316
41
5
6
271
34
23
169
177
33
108
81
17
75
78
187
219
14
226
442
99
70
7
22
17
330
114
350
347
103
138
232
15
430
149
367
73
394
391
41
12
106
137
245
13
62
53
110
60
23
26
19
129
150
58
104
154
29
62
300
12
154
147
109
546
340
52
106
428
274
391
772
739
11
1
3
19
164
19
165
141
30
16
244
296
65
323
53
112
195
257
304
20
12
24
16
23
4
51
147
722
263
127
56
218
45
21
89
1064
88
102
65
27
62
13
197
191
105
281
185
193
17
194
20
424
13
8
3
24
54
37
191
101
16
77
29
204
304
158
174
214
405
45
251
64
70
277
78
41
235
701
44
113
274
22
81
168
16
233
597
325
202
34
54
53
7
59
2
456
219
2
83
124
253
117
163
136
134
66
193
79
65
296
24
64
97
63
119
44
82
197
26
74
356
52
290
150
123
189
113
35
166
419
35
45
57
222
31
30
40
107
55
132
26
6
71
430
67
242
301
189
28
20
62
136
97
162
14
24
11
215
12
227
119
12
140
13
58
73
118
41
1
20
126
250
6
28
41
40
32
60
79
105
82
3
22
49
2
55
38
1
1
6
1
1
1
7
3
1
38
2
73
1
106
8
83
11
41
21
58
65
14
8
17
33
10
17
5
104
44
112
71
17
16
28
16
65
1
54
8
57
111
59
2
48
1
10
30
287
23
36
36
66
30
46
10
1
52
30
46
13
1
65
30
23
1
7
22
1
37
3
24
49
43
20
8
75
2
18
61
9
31
20
12
22
26
131
12
25
14
11
38
37
68
29
57
79
106
33
8
11
114
76
41
34
151
17
44
6
21
49
10
158
79
106
32
133
10
28
58
70
57
18
6
25
65
18
40
14
21
21
35
133
10
35
5
20
67
61
13
42
40
36
24
1
43
19
105
13
10
40
40
88
186
63
62
16
16
10
4
15
14
11
1
3
47
2
18
41
7
5
52
30
20
53
2
59
2
36
12
4
6
23
92
29
30
5
4
34
4
23
27
36
110
42
9
33
29
71
6
10
13
70
13
143
31
1
41
2
70
24
1
72
219
78
30
103
29
27
1
39
144
19
4
8
4
192
1
3
47
6
8
4
3
3
3
3
7
41
21
16
11
34
14
122
72
1
146
22
46
11
7
4
24
59
18
73
33
16
14
111
12
11
36
20
24
2
4
8
34
23
23
136
22
18
86
27
2
7
7
2
42
7
12
4
9
56
13
91
55
1
34
3
81
14
30
26
51
12
24
36
11
10
5
38
22
44
1
8
9
52
5
33
1
19
19
45
43
1
7
11
8
1
46
18
5
3
38
14
8
26
92
111
3
19
104
43
20
9
2
28
2
5
2
12
18
39
2
191
49
12
90
16
13
39
72
34
21
7
26
116
56
189
17
12
21
45
5
44
8
25
28
56
5
5
7
43
73
3
5
6
32
63
15
119
3
75
18
40
122
7
21
49
108
13
9
8
1
69
12
4
30
3
99
136
31
111
97
38
10
27
18
38
9
11
4
23
13
24
33
36
13
117
1
5
66
17
14
10
44
1
48
13
54
117
11
35
33
3
81
4
18
33
10
18
2
47
10
65
15
5
2
1
79
26
15
32
24
91
22
9
1
20
65
22
8
79
9
24
43
12
13
33
48
15
119
39
1
233
95
1
30
43
10
37
52
6
1
17
6
32
41
10
111
48
2
9
53
22
51
1
51
9
3
19
9
5
21
20
18
22
4
41
1
8
25
5
39
2
16
57
1
10
12
11
13
16
42
41
60
14
12
2
85
1
5
8
36
44
8
20
11
26
9
70
10
62
121
22
33
8
12
4
54
7
13
5
41
14
6
2
25
2
1
13
78
19
15
17
23
30
15
39
49
3
116
70
86
33
33
6
146
124
5
1
1
3
1
112
1
260
24
2
132
5
28
8
64
73
1
1
5
43
21
28
8
73
231
16
65
7
15
32
15
33
30
35
13
99
10
64
24
62
79
9
51
6
251
76
17
50
97
57
65
6
170
15
141
169
10
56
44
53
140
68
88
99
31
27
5
10
85
159
47
150
44
31
42
25
3
44
92
28
29
1
22
5
109
84
65
189
80
4
83
25
6
78
24
57
108
280
13
101
27
123
140
1
56
49
57
21
10
72
22
108
5
82
7
57
72
90
14
41
76
3
7
32
106
64
18
12
25
9
5
31
34
3
4
17
13
10
5
55
15
4
20
65
132
83
16
140
1
112
12
26
25
58
31
27
52
21
34
73
69
34
208
5
52
20
17
1
21
63
14
69
16
125
30
31
31
105
48
101
29
142
125
18
26
13
10
22
10
27
1
80
16
21
41
23
9
40
101
10
19
35
15
2
120
161
38
27
111
114
193
63
13
7
32
9
13
12
13
26
149
33
35
24
60
127
46
23
73
140
14
45
11
60
6
19
77
3
12
86
129
10
83
19
5
6
40
109
82
42
131
16
182
4
63
59
18
28
76
89
48
42
66
246
20
70
55
21
65
3
93
35
42
178
25
11
361
118
49
74
16
48
116
23
191
78
77
113
4
55
18
18
91
176
89
26
120
223
86
84
306
120
166
1
141
276
109
15
115
52
124
31
20
79
1
1
57
48
31
16
58
12
97
9
23
41
52
89
121
11
48
24
55
203
121
50
28
34
64
159
11
64
40
12
128
3
10
94
28
50
28
11
3
15
26
88
27
13
30
11
2
81
8
7
31
10
41
21
14
2
18
24
8
162
8
72
190
182
146
17
7
337
78
162
87
120
20
29
34
9
56
110
218
67
10
21
79
409
22
177
21
33
12
72
4
3
1
98
30
61
22
94
38
128
1
80
70
59
22
35
19
17
20
100
3
33
36
116
5
13
1
180
3
21
125
14
17
59
13
3
17
148
35
5
64
57
90
108
29
54
10
74
2
39
45
46
72
4
13
69
19
18
219
66
8
2
49
6
33
13
32
3
38
73
60
27
15
10
39
3
26
61
6
6
104
3
10
8
7
13
4
35
24
39
109
15
14
48
45
10
18
10
86
15
60
7
1
26
85
3
14
26
43
2
59
78
21
10
241
68
60
20
6
5
13
31
61
18
109
29
42
158
24
35
12
30
103
195
187
77
1
101
247
55
64
253
22
29
38
6
105
45
14
84
46
11
23
113
20
20
39
82
2
27
1
7
140
48
28
32
10
21
37
9
137
48
34
27
4
203
47
58
89
58
71
3
56
94
45
20
4
156
92
35
144
13
5
9
36
69
2
3
1
21
87
134
26
12
37
2
4
19
154
4
171
1
194
100
25
12
13
53
109
57
14
97
59
13
12
89
167
132
183
3
106
95
33
164
8
97
61
27
118
129
90
161
82
132
36
103
51
86
159
14
37
73
26
1
17
29
3
75
3
13
161
50
5
187
68
34
20
49
89
96
29
1
141
8
25
7
72
48
9
85
37
14
16
66
20
43
3
141
161
75
67
138
12
16
55
111
10
35
11
6
9
14
88
10
4
90
16
3
3
64
120
2
44
30
5
10
42
16
35
2
4
13
12
65
58
52
71
46
52
7
27
7
2
72
28
16
47
49
30
1
4
53
42
9
131
17
4
8
12
31
61
40
6
20
5
1
24
5
13
25
79
31
5
11
37
12
53
17
21
28
26
1
10
15
6
18
2
50
46
18
8
14
2
2
9
13
55
35
14
6
38
40
23
22
4
28
39
20
17
43
23
5
6
35
7
5
53
25
25
5
10
53
9
130
1
81
1
143
79
89
381
10
50
109
83
51
90
24
56
27
21
2
32
25
1
144
28
251
17
98
63
32
5
10
178
23
197
121
101
4
41
51
39
20
70
126
7
30
10
46
55
1
64
21
2
35
22
70
68
10
20
43
20
17
9
78
10
50
23
24
74
1
14
14
170
6
69
161
25
9
138
41
140
1
51
21
147
23
74
217
59
257
46
10
84
35
21
53
36
14
59
52
85
21
39
140
32
87
2
30
3
21
28
106
59
66
100
29
86
27
4
268
26
4
57
9
44
51
73
136
9
57
290
17
10
54
53
34
108
2
30
46
8
189
172
30
1
15
28
128
148
107
59
44
14
69
2
61
144
238
11
36
16
7
270
1
152
115
219
8
79
25
147
102
27
19
92
37
34
21
336
9
102
20
426
3
153
262
1058
52
135
129
79
60
32
24
17
11
56
19
112
57
76
124
20
3
31
32
32
20
65
206
12
39
69
96
7
15
53
95
129
44
8
80
80
105
20
72
22
6
106
5
13
48
152
8
4
202
150
91
33
6
9
25
56
14
50
50
105
1
19
1
11
32
15
61
6
30
22
11
135
3
92
65
45
111
40
48
300
34
16
147
14
4
189
94
80
91
82
17
2
39
91
59
76
7
93
1
81
29
6
2
105
53
5
7
13
68
15
267
73
32
143
280
24
18
57
31
62
171
76
46
16
18
131
42
109
46
31
3
21
46
34
35
13
52
7
2
27
1
38
43
53
2
14
10
118
150
9
16
19
13
3
2
84
50
10
6
105
15
3
32
27
24
108
26
24
6
5
9
180
52
145
24
110
60
88
31
83
99
7
27
2
27
13
50
36
5
10
2
11
2
74
68
19
44
12
38
33
18
37
8
159
40
16
30
22
21
5
3
6
25
1
4
8
17
18
29
73
64
32
55
2
182
10
217
32
44
20
60
49
79
17
83
21
1
76
21
55
6
1
149
47
39
87
77
55
162
52
40
18
20
151
7
67
132
1
120
1
86
25
9
4
207
11
66
135
130
32
34
31
49
21
5
13
47
8
44
39
119
88
17
7
100
72
62
36
5
4
7
23
39
2
61
14
57
8
58
193
83
6
26
83
51
35
10
30
12
40
81
59
36
77
33
42
33
26
9
57
17
29
14
22
64
38
8
4
54
58
10
54
14
12
47
32
52
8
23
223
6
26
84
18
20
87
53
46
183
53
189
132
14
58
152
13
41
3
25
2
16
2
100
14
58
54
39
2
3
16
32
52
14
12
3
42
12
18
87
25
30
10
5
30
1
61
12
7
20
54
4
9
22
21
9
2
48
35
70
157
16
170
33
16
59
24
59
37
18
20
1
35
23
101
72
21
71
41
36
8
21
9
13
51
20
17
4
60
163
77
41
33
26
77
22
10
9
99
16
9
8
74
55
124
32
10
23
8
1
9
6
30
47
172
24
18
282
231
28
182
12
40
61
70
70
41
46
21
73
132
36
13
139
133
127
2
9
125
232
43
64
15
60
55
17
81
103
113
56
39
78
6
39
44
34
8
61
10
9
53
47
10
1
151
10
11
17
17
11
49
58
245
75
97
67
52
103
34
32
16
43
17
113
5
2
17
3
4
5
367
69
102
768
143
85
9
44
25
56
99
207
96
155
20
67
8
17
142
10
12
49
34
174
39
43
44
5
21
35
26
54
114
4
12
2
13
3
17
39
30
29
135
28
230
51
23
3
8
104
327
68
9
34
267
60
73
126
63
90
43
41
122
44
68
1
16
15
17
89
12
64
32
76
34
11
15
101
105
21
14
46
32
142
31
50
72
1
130
46
35
118
15
50
133
48
13
3
65
12
293
6
19
105
48
73
12
17
24
13
128
78
58
6
102
177
13
229
169
68
47
7
42
39
10
13
25
130
12
6
1
3
74
13
15
48
33
40
102
86
28
11
5
24
8
5
4
176
79
20
137
183
52
15
11
145
6
29
52
8
120
38
30
90
78
92
94
17
52
2
10
231
30
73
18
51
36
46
6
147
17
115
16
2
68
125
150
72
46
28
46
60
3
12
27
2
17
24
8
40
6
17
16
9
47
8
9
14
41
21
5
104
10
20
21
69
12
1
52
22
189
29
45
17
92
5
3
79
49
60
93
30
64
85
5
1
33
17
1
61
5
46
68
15
23
26
10
54
37
23
13
81
14
87
13
47
21
104
13
354
81
212
329
200
48
28
3
24
46
21
52
55
81
63
32
79
176
377
12
55
222
88
3
80
124
54
139
284
43
49
119
27
146
30
61
15
35
106
127
105
26
208
64
50
81
44
29
57
361
8
1
10
46
99
81
43
47
25
7
241
20
7
4
6
1
1
1
4
1442
1
1
41
19
666
57
36
423
277
6
108
144
56
326
87
103
259
10
151
1
271
13
153
39
5
49
30
2
155
45
32
297
40
92
71
82
62
338
2
169
2
106
81
20
126
64
62
17
61
69
102
3
4
69
33
79
109
52
12
19
57
234
324
211
3
60
85
104
12
114
132
294
45
337
16
262
97
36
16
115
85
41
152
10
125
6
146
51
96
40
29
232
430
16
119
105
10
60
198
203
221
34
60
5
4
1
1
5
4
1
2
1
3
1
1
2
2
2
2
3
1
2
5
3
1
1
2
5
1
1
1
1
1
4
1
1
1
5
1
2
1
9
2
1
2
1
2
5
3
2
116
25
16
75
23
78
71
105
107
28
6
28
18
15
39
17
16
18
13
226
55
97
2
81
186
50
71
165
35
33
81
59
51
41
255
188
109
68
117
62
156
55
219
17
10
3
18
40
13
25
31
16
134
59
160
3
45
150
75
98
67
8
44
22
89
33
9
49
146
197
54
23
5
101
24
34
86
36
9
20
37
14
62
236
161
49
6
257
18
3
13
24
32
62
48
32
37
169
5
107
23
55
32
11
50
10
84
2
69
140
323
209
14
79
354
143
16
59
136
60
35
2
62
95
215
29
81
29
22
57
26
45
25
46
68
3
34
21
136
57
32
108
4
72
55
33
134
69
23
70
10
314
59
52
60
18
78
29
203
9
53
112
12
115
36
7
48
75
131
49
74
395
28
57
43
60
86
10
108
41
69
255
10
24
20
47
20
58
27
63
1
18
1
13
149
12
96
110
24
44
7
17
183
148
127
180
57
2
42
80
13
34
229
80
116
2
32
72
26
91
28
64
1
11
1
373
13
53
5
33
57
41
52
9
164
45
49
52
9
79
22
33
60
159
84
66
140
1
21
88
41
66
253
93
47
13
1
21
143
92
203
29
208
29
17
318
95
304
301
43
167
82
20
17
76
10
17
70
3
1
78
214
24
17
18
101
51
9
51
157
202
90
49
583
309
3
81
50
49
243
28
180
25
6
100
88
26
455
28
289
109
205
23
280
25
19
695
9
610
513
6
44
160
77
270
50
104
35
294
102
151
49
20
114
183
326
320
26
6
47
17
47
14
5
20
543
23
10
218
24
10
391
27
52
64
16
31
51
79
87
61
240
19
170
82
9
199
108
138
82
11
72
369
29
43
9
278
33
12
517
42
146
13
116
46
225
3
6
47
185
66
277
532
63
177
185
8
9
94
86
419
13
188
22
223
128
133
132
426
215
35
4
121
20
116
98
115
155
43
181
95
67
18
5
75
141
27
143
55
36
143
22
118
58
59
101
101
172
20
48
68
34
3
5
69
95
13
79
190
28
16
10
28
16
106
3
21
85
22
9
15
41
2
8
3
77
248
99
89
43
81
79
66
277
2
63
15
17
51
284
36
148
14
75
75
133
83
106
2
7
94
61
54
44
70
342
69
212
161
11
64
61
85
68
47
170
69
167
69
14
134
15
57
3
78
23
147
18
51
147
114
3
208
52
155
273
84
12
149
155
37
399
55
286
1
5
30
103
54
15
80
52
60
159
264
224
127
51
45
62
35
83
35
82
82
97
4
48
37
20
534
81
23
113
179
42
65
33
140
108
72
8
88
26
23
65
296
27
24
24
26
326
130
204
85
195
100
85
1
1
29
52
49
194
32
19
291
55
19
331
59
798
54
318
53
519
25
73
292
348
117
36
149
135
115
24
187
178
465
178
1366
73
97
52
139
173
54
329
29
2
1
6
1
4
1
1
44
6
722
40
117
82
9
72
515
248
241
92
383
658
81
11
274
582
54
180
54
18
113
1
1
27
1
8
37
228
42
419
314
102
17
36
74
161
10
155
141
223
54
13
589
21
806
279
2
82
710
130
310
141
89
75
147
287
26
228
50
3
22
116
5
227
8
11
113
58
145
435
24
53
95
9
96
33
278
13
36
231
271
240
3
74
106
7
718
164
108
165
281
91
94
155
107
66
265
10
199
577
7
9
43
62
28
43
99
9
72
61
75
242
43
1
53
25
11
12
251
10
9
295
120
132
105
115
6
10
35
6
18
36
204
136
15
31
12
26
196
119
61
17
157
121
88
2
109
102
245
29
135
40
20
96
31
8
56
89
53
253
59
18
25
5
4
28
93
243
6
65
29
93
316
26
12
146
11
55
111
15
26
379
39
48
75
21
44
4
20
182
12
30
125
11
127
1
1
56
1
69
103
29
39
12
82
8
80
55
83
55
3
39
17
20
27
44
34
9
1
14
6
19
57
73
9
87
51
252
72
56
210
299
179
40
182
119
191
117
1
255
132
5
20
40
4
125
43
23
41
124
110
118
17
13
2
148
47
4
3
212
190
1
217
141
53
89
349
64
362
50
40
339
270
2
259
19
4
99
217
361
16
110
148
56
5
10
301
13
34
2
7
53
22
193
4
72
201
30
64
105
30
11
224
241
60
238
165
290
13
517
109
302
256
64
27
23
106
44
7
120
71
85
5
93
94
88
46
114
80
42
34
32
62
19
10
25
20
9
74
191
11
11
13
231
92
261
42
178
98
1
237
178
158
92
41
48
32
255
16
74
55
5
69
32
125
56
144
10
32
6
10
82
14
10
13
7
4
3
9
61
32
3
8
8
12
51
5
44
11
5
1
17
4
35
5
15
19
125
11
1
42
14
10
22
32
75
112
38
7
86
49
41
37
16
19
56
20
46
32
2
1
8
1
99
10
68
38
61
44
11
66
58
24
2
35
8
4
15
63
13
15
19
64
2
49
50
58
1
36
10
25
88
7
33
29
7
2
25
3
43
10
53
58
2
97
18
98
26
2
28
23
6
46
6
170
42
71
100
27
87
10
23
69
52
34
78
126
15
22
30
124
18
22
28
14
29
16
93
4
7
15
2
17
9
14
32
97
70
47
13
11
5
5
86
124
3
47
143
21
56
65
4
13
37
31
99
32
127
57
356
200
5
11
38
102
56
62
5
12
42
23
30
110
20
9
42
4
52
23
79
1
29
4
3
17
197
214
120
13
118
326
78
22
109
79
1
49
25
126
11
53
217
155
94
52
9
2
7
49
118
15
120
110
54
166
124
33
16
60
116
72
34
1
162
76
84
34
5
390
36
27
19
366
11
718
209
232
100
542
66
220
24
276
424
220
101
3
9
107
338
178
235
55
43
45
47
43
141
322
191
76
78
76
219
12
263
74
290
143
407
47
103
95
13
123
53
80
40
24
3
127
86
161
38
39
107
149
27
7
74
10
40
15
47
117
18
58
35
121
49
60
101
302
125
9
124
22
464
86
6
83
12
6
16
177
5
153
151
76
134
409
149
243
467
118
123
2
38
146
59
33
31
503
56
291
286
665
228
283
142
57
120
20
124
23
24
1
28
211
16
21
384
91
39
106
17
16
212
5
5
105
38
2
31
25
79
199
476
18
30
154
21
64
4
170
34
61
56
49
14
12
56
10
89
3
1
1
72
13
34
10
2
7
162
89
104
3
25
78
8
14
64
45
140
403
217
558
326
40
3
54
6
19
66
58
192
169
298
264
42
126
43
84
223
21
230
308
625
246
738
25
1
98
30
35
134
230
87
260
222
331
28
462
457
3
23
451
213
111
29
12
28
44
212
125
118
81
17
211
88
92
93
37
109
8
16
16
38
44
36
74
4
8
20
25
110
34
64
125
137
59
78
6
35
317
269
20
66
3
206
96
272
132
12
37
267
116
60
121
50
228
46
90
129
512
23
110
125
110
35
39
26
4
144
146
17
66
19
248
576
87
10
146
466
16
148
111
154
80
198
24
97
151
408
14
29
18
281
6
134
26
17
1131
22
45
61
7
40
262
125
69
167
2
12
3
27
98
14
39
148
14
39
60
177
52
39
44
258
140
362
245
89
80
153
25
202
631
332
2
59
2
129
149
106
105
136
6
59
200
89
97
57
102
22
86
26
9
40
305
24
94
637
370
94
61
42
80
34
203
215
67
65
49
19
221
137
181
146
426
145
106
83
189
353
2
300
16
62
118
170
27
149
7
264
96
5
299
113
221
34
18
26
297
10
26
175
332
178
13
307
8
12
30
489
7
59
42
284
75
21
17
42
145
52
49
16
111
5
16
61
15
490
42
39
226
32
152
5
311
166
51
33
36
3
27
176
20
11
77
133
89
132
117
54
151
84
74
12
217
186
1
62
17
41
11
9
13
19
191
50
324
27
10
2
76
10
15
22
59
62
28
5
4
1
20
11
139
68
101
8
13
87
8
12
66
28
32
111
24
37
182
28
76
43
178
205
17
6
80
47
15
36
29
80
56
81
13
36
17
12
9
32
168
43
38
8
24
41
54
36
32
51
27
3
53
20
4
58
21
71
44
200
32
4
17
15
123
42
44
17
14
2
24
59
25
159
52
41
12
1
42
33
16
139
146
21
3
68
36
15
28
23
11
44
153
31
59
66
28
87
63
46
52
253
242
40
250
11
153
253
14
393
25
75
16
63
5
326
8
58
92
37
100
116
185
97
117
63
5
1
6
86
10
23
78
186
9
78
372
3
84
22
14
30
99
23
197
84
29
22
24
66
52
37
82
85
21
1
10
2
128
1
130
10
234
118
187
70
68
53
57
21
142
99
306
158
129
4
68
119
497
40
93
347
288
25
54
81
4
11
3
77
93
88
147
9
202
199
190
93
6
121
3
14
67
221
6
35
28
51
112
35
25
1
2
7
2
6
2
5
15
16
1
5
6
14
88
3
65
100
156
123
1
34
11
14
44
24
19
515
95
21
22
8
73
26
11
168
169
126
13
14
43
3
2
67
62
66
41
52
266
6
100
3
108
41
82
25
30
49
1
29
109
34
45
12
8
366
2
10
17
32
15
36
4
57
19
34
21
75
19
12
39
1
25
22
66
6
57
139
10
60
1
29
15
19
65
5
29
7
15
4
48
30
24
39
20
20
15
24
11
20
27
20
14
7
77
43
17
35
31
62
38
13
75
42
19
15
52
3
28
23
20
57
68
77
8
56
4
23
4
33
46
73
9
55
118
3
17
133
9
78
47
93
74
109
148
47
294
111
3
143
15
37
41
79
12
2
51
91
154
37
6
145
65
100
45
91
113
11
63
26
75
53
18
115
151
23
92
60
53
43
143
160
129
69
12
49
98
179
52
4
7
56
39
415
305
10
224
98
3
73
93
36
44
71
41
31
23
3
4
6
2
32
16
200
105
25
11
42
49
52
88
19
79
147
32
17
11
11
74
2
21
48
4
55
54
164
2
13
35
22
212
29
42
92
21
30
2
41
1
9
109
19
38
99
33
44
199
35
84
31
45
27
236
43
7
71
44
26
106
22
20
116
103
41
1
264
110
23
254
42
18
28
301
1
252
82
39
51
7
243
325
275
857
469
395
517
148
131
104
69
54
122
16
128
774
250
167
78
30
43
24
55
95
66
23
3
5
13
205
2
84
178
346
58
104
9
36
107
70
57
23
453
3
2
32
274
200
33
533
114
41
27
78
18
437
192
50
12
30
20
4
69
195
472
58
108
105
62
37
11
63
230
462
264
699
32
60
29
105
44
15
48
185
17
18
61
107
6
16
30
15
375
111
161
211
295
126
36
7
90
74
12
47
14
99
176
53
47
381
8
49
22
41
226
33
92
34
4
361
217
13
56
11
5
5
118
177
20
51
143
57
66
8
41
87
74
43
15
26
253
30
148
51
175
119
132
9
253
16
25
324
45
44
96
5
58
177
80
12
1
22
11
30
60
11
6
73
24
143
2
14
47
91
63
195
102
10
9
50
56
8
45
162
130
214
11
33
12
339
17
74
6
108
63
54
73
57
24
189
104
49
30
378
32
66
9
45
23
25
177
212
261
113
1
7
202
117
99
29
21
82
228
14
18
83
13
94
68
272
113
6
163
6
19
35
16
106
11
35
59
58
25
1
7
4
10
11
17
58
3
57
7
16
7
13
44
12
35
3
12
14
10
1
38
54
27
49
14
11
10
37
5
17
6
27
7
22
53
15
61
30
4
19
4
6
50
30
34
76
60
5
63
9
73
6
53
15
113
21
99
58
14
31
7
19
85
3
13
18
52
19
51
19
89
43
1
8
2
22
3
64
6
9
6
54
28
26
37
1
15
42
13
23
6
3
26
64
12
28
8
2
15
87
47
11
22
4
77
31
14
15
15
55
67
11
12
17
35
25
69
149
1
14
43
23
61
11
60
16
76
103
79
51
10
74
2
41
6
21
31
14
23
3
178
5
22
44
57
26
24
94
7
50
37
45
50
230
17
20
58
14
14
21
4
28
65
64
57
18
61
7
31
172
76
62
20
5
15
29
44
15
22
2
140
109
2
49
71
76
39
72
127
91
35
195
5
157
43
84
24
88
4
25
280
13
32
159
18
37
4
28
13
108
43
57
2
205
4
44
74
42
54
60
5
4
50
7
3
6
10
145
92
13
2
22
147
82
17
36
164
3
58
4
19
46
26
30
8
52
12
96
31
9
13
94
2
63
20
31
116
114
54
12
88
17
34
10
1
4
23
10
73
15
29
10
79
23
48
5
33
6
14
130
31
40
23
6
32
42
88
23
8
50
2
24
1
14
36
14
37
61
54
11
16
4
97
20
103
10
130
94
43
43
44
13
148
22
67
3
44
62
45
44
20
26
55
39
37
62
51
44
64
69
4
28
45
60
13
30
78
42
4
62
3
22
40
77
18
12
10
49
59
55
110
10
26
24
14
2
42
18
26
28
7
11
22
5
41
49
24
164
64
1
49
4
5
19
120
64
2
4
178
32
39
47
37
3
16
98
31
45
55
219
17
3
9
23
27
35
3
5
12
1
2
41
79
23
6
90
16
22
1
32
36
14
5
35
4
24
13
10
15
2
21
30
12
47
68
199
184
83
383
5
76
27
46
64
106
38
89
14
149
29
80
141
10
18
18
6
42
10
47
1
8
10
37
1
204
35
62
16
36
9
71
35
3
75
72
19
84
19
14
13
39
15
15
120
1
3
1
147
1
27
42
24
3
30
11
55
2
28
34
1
16
25
60
13
128
97
13
115
56
9
120
104
52
26
81
13
38
13
93
5
14
19
19
13
22
12
39
26
106
24
1
131
6
5
136
75
34
53
11
66
160
3
39
13
1
52
25
53
3
5
13
2
5
4
23
1
82
28
5
1
17
39
3
59
76
13
7
25
16
6
20
128
28
1
78
23
17
33
5
75
20
24
31
31
20
49
85
123
9
134
147
94
53
2
84
1
27
78
86
99
57
48
8
75
122
15
15
5
4
73
68
50
3
102
9
52
36
222
19
27
71
30
1
23
121
102
29
124
36
129
1
1
1
233
2
25
8
21
12
66
5
7
20
45
1
73
2
74
49
17
11
99
20
44
1
3
5
43
10
26
2
1
74
5
3
90
41
51
58
102
199
11
142
44
5
110
46
8
172
28
20
5
13
32
128
10
71
123
12
31
65
118
16
52
39
21
38
210
15
36
26
22
13
22
122
33
33
2
49
62
5
20
21
20
13
25
14
37
1
88
21
29
13
51
1
37
10
34
33
7
40
59
25
9
128
6
27
4
7
7
2
10
5
65
11
32
2
6
14
50
42
32
143
34
64
31
22
25
24
17
43
38
53
17
15
14
17
24
21
1
26
19
3
8
43
4
11
66
47
104
33
26
78
56
48
1
24
74
10
92
18
127
8
67
10
214
150
69
18
64
29
24
228
34
19
99
9
5
11
169
157
69
53
35
110
51
84
3
8
41
37
30
128
35
3
78
23
139
28
16
19
15
29
111
46
22
34
17
12
6
71
1
13
32
75
14
44
68
43
252
139
119
64
51
2
183
168
102
22
16
65
543
73
19
58
287
151
5
10
21
126
194
10
1
8
77
70
8
5
5
45
14
70
14
19
5
120
79
51
33
33
71
64
75
1
51
267
118
40
356
11
31
8
73
85
294
323
126
9
178
2
15
91
118
161
42
15
4
87
10
25
1
25
37
33
20
7
19
15
62
27
17
5
27
31
47
96
32
8
11
22
133
188
201
90
76
41
15
75
56
79
26
15
13
138
11
1
39
32
45
69
215
50
1
213
30
258
154
18
142
12
68
42
306
61
1
20
10
35
19
88
64
15
35
55
27
133
102
21
16
90
35
137
51
46
4
39
53
30
180
52
44
63
193
9
77
113
31
26
43
31
5
43
73
96
42
33
17
45
12
147
39
41
13
24
9
114
140
365
41
55
21
3
52
78
157
18
24
93
52
45
15
15
45
29
96
97
37
16
34
281
7
8
66
46
7
174
1
102
1
55
20
6
27
10
52
15
54
48
92
20
64
81
43
14
28
88
145
25
140
45
88
60
41
29
59
3
6
6
20
57
45
3
25
22
71
9
11
7
3
222
8
87
43
1
32
64
108
12
43
67
28
122
92
43
103
43
21
5
65
116
7
50
189
23
71
11
44
226
43
75
61
299
261
38
2
5
32
22
62
21
73
39
124
11
250
33
64
51
33
20
63
43
91
34
8
21
49
98
50
244
78
104
162
38
7
56
3
9
11
82
72
53
92
37
16
33
2
19
77
26
8
101
4
16
1
2
39
11
38
56
21
145
164
7
20
46
16
15
43
9
97
69
3
16
19
114
39
48
348
1
20
34
115
16
16
195
4
35
46
4
1
2
99
23
19
59
14
18
27
174
165
141
24
355
1
1
79
11
6
3
28
2
84
79
29
70
19
41
22
157
19
10
31
29
4
445
15
55
195
30
66
27
125
17
10
33
10
182
39
13
113
18
38
132
20
14
30
1
33
49
17
8
11
64
10
2
6
19
55
31
7
74
36
27
55
78
39
68
3
103
19
50
268
18
99
21
36
49
65
103
3
61
90
131
100
28
9
18
35
12
38
69
51
151
28
1
286
236
1
1
381
43
24
573
174
32
6
400
236
41
81
95
105
189
55
121
113
78
38
10
12
181
150
98
482
224
34
185
157
25
213
4
95
127
42
5
15
30
3
49
148
267
48
423
27
9
52
10
49
9
101
2
61
203
23
13
63
35
87
35
40
30
201
19
6
13
16
86
306
5
4
39
80
47
24
347
59
73
79
8
16
2
77
5
122
226
188
97
156
69
23
72
80
63
41
79
137
154
43
9
23
49
28
57
68
109
6
36
200
36
68
36
19
131
14
344
151
24
236
27
105
62
59
1
1
34
2
1
35
524
67
189
222
309
145
60
14
386
41
2
1446
134
132
266
9
15
9
11
168
452
22
36
28
130
78
231
86
67
545
93
51
34
37
37
409
64
43
27
238
66
4
47
33
83
281
11
254
1
63
38
8
88
4
27
265
49
107
39
167
134
141
163
10
34
118
1
107
62
425
365
585
114
32
136
27
36
32
6
121
101
12
21
1
3
11
13
51
46
27
495
111
104
13
85
108
217
5
62
15
25
48
15
39
345
17
260
63
51
43
235
49
66
356
110
34
77
45
174
213
313
229
92
232
163
79
45
58
19
129
22
66
58
54
18
1
1
5
5
99
55
40
44
212
117
23
39
9
18
3
24
48
80
481
69
72
198
62
85
66
156
245
42
68
60
78
91
27
397
238
35
18
66
332
71
1
88
281
266
37
204
19
2
388
18
357
64
73
247
169
186
97
943
50
22
194
405
1
210
267
230
260
28
48
47
153
84
594
154
9
28
359
364
462
105
139
106
139
218
63
122
34
146
22
234
139
14
140
36
122
20
113
60
230
41
101
248
115
29
4
167
58
52
9
40
100
318
36
1
92
16
74
57
32
97
3
11
110
93
148
205
119
430
41
251
102
38
162
13
10
22
96
161
74
418
16
266
3
9
3
1
3
86
8
98
195
204
198
45
16
50
15
75
69
184
24
32
6
4
68
18
9
258
80
7
297
57
289
83
45
93
131
139
70
36
76
29
111
15
1
1
18
206
88
1
4
43
213
166
82
138
212
197
29
12
21
38
172
96
197
42
92
117
2
237
86
18
162
39
40
72
21
10
27
95
78
178
90
49
11
33
20
11
36
8
89
65
131
79
90
1
61
146
97
197
6
79
63
110
70
52
6
12
29
25
39
67
10
73
121
69
126
99
22
8
20
234
11
99
35
51
20
7
52
45
340
63
29
18
37
31
50
168
14
8
69
34
279
60
258
329
101
26
72
8
59
386
64
54
76
576
544
112
19
409
95
7
231
77
39
48
26
121
38
20
54
78
90
47
205
62
44
154
92
70
369
144
98
193
25
93
265
233
68
7
83
39
42
24
36
5
106
8
204
5
250
80
40
92
22
32
11
52
8
193
38
214
35
8
450
51
47
247
588
105
283
213
1
134
675
34
178
285
197
302
60
396
61
213
1
213
263
75
15
209
66
66
53
27
1
73
27
603
463
368
218
51
1
182
235
10
194
100
257
127
13
21
247
7
57
16
44
235
13
2
201
266
426
78
147
18
134
342
125
1240
74
47
4
152
255
120
679
61
92
16
188
54
84
68
22
126
65
6
4
15
71
2
51
5
81
96
146
14
54
189
33
32
72
84
31
20
136
4
149
4
129
1
370
545
792
40
50
36
65
168
110
62
2
270
35
81
10
205
6
159
95
32
364
154
639
179
320
220
20
78
11
1
19
2
209
74
18
23
6
241
110
80
204
117
31
108
46
164
33
26
111
8
76
247
10
156
387
686
25
110
658
1
80
72
599
233
6
344
139
63
827
263
410
2731
32
435
88
236
915
80
140
347
86
201
214
51
4
166
188
117
166
256
21
164
102
102
488
29
14
2
29
427
649
591
402
1
178
243
165
11
123
76
47
249
347
55
412
85
137
89
210
87
4
59
98
3
1
129
148
119
389
310
48
169
310
19
441
81
131
375
138
66
194
418
1
141
345
24
69
442
36
56
359
54
653
161
55
49
30
70
89
46
6
14
37
80
65
64
17
30
397
54
158
97
6
38
94
26
86
35
1
50
8
50
51
6
12
44
45
23
155
39
53
46
6
4
19
37
2
93
44
10
64
83
128
7
86
24
72
11
47
31
17
17
129
44
170
204
26
44
20
369
112
135
178
1
74
225
31
202
67
75
45
46
55
37
44
68
47
140
9
121
178
13
282
173
607
152
80
240
331
3
48
364
130
488
180
193
32
96
12
30
281
145
296
194
10
4
179
93
380
392
31
54
64
72
30
7
26
31
50
112
96
25
29
65
44
84
3
97
173
98
48
39
42
35
28
43
26
54
71
109
31
7
11
16
12
90
44
15
35
104
101
26
1
3
30
21
65
25
7
13
17
121
6
318
27
36
153
57
120
212
45
21
77
68
65
26
36
6
117
22
263
96
1
80
174
155
55
31
53
77
177
61
170
40
143
106
15
8
26
167
99
182
44
7
59
190
18
49
6
607
2
1017
129
1024
1031
276
208
10
4
112
104
687
417
14
12
22
47
1
53
108
38
149
48
24
89
2
21
5
2
45
476
59
56
26
4
14
29
89
34
3
36
6
24
72
47
76
97
51
38
19
119
36
10
112
300
232
62
440
372
879
34
16
29
176
62
19
16
29
40
41
153
108
102
35
40
1
36
284
29
148
44
57
85
72
57
3
7
308
89
48
67
37
16
137
129
29
32
177
132
40
11
56
1
63
61
9
126
185
33
89
48
306
45
230
318
13
2
328
104
121
340
57
10
6
46
36
520
88
162
225
751
494
795
774
1150
1
94
84
919
438
425
451
46
39
241
711
99
47
170
18
106
188
295
323
316
61
47
23
226
281
86
35
89
35
617
3
448
27
333
215
485
29
100
80
91
57
74
91
17
377
584
263
54
8
43
363
263
494
184
573
182
107
871
96
201
571
135
172
149
44
270
64
149
67
71
83
112
192
72
103
35
6
2
85
46
312
89
329
1
2
57
124
803
437
125
408
534
1
60
22
73
20
56
258
133
73
437
456
134
164
81
100
39
75
210
165
180
131
225
92
294
179
37
92
676
843
258
78
430
91
87
260
774
119
16
15
30
408
461
80
4
66
1224
232
63
398
4
22
95
155
278
910
214
9
140
66
242
33
35
60
79
97
570
269
213
133
216
475
413
139
87
14
425
52
607
544
254
39
740
978
255
208
9
195
225
93
424
442
23
673
13
96
66
3
22
152
5
3
813
6
159
27
31
275
92
95
62
7
39
35
63
98
3
15
81
44
96
165
97
434
743
82
14
20
2
94
357
55
42
144
29
176
130
274
12
4
43
454
103
4
55
201
84
61
357
468
367
11
12
357
206
50
112
64
10
1
27
838
278
342
30
240
151
628
83
218
467
275
7
172
79
172
1
1522
5
241
551
14
51
319
256
365
126
56
237
28
5
112
78
202
340
99
36
160
184
119
117
4
28
148
3
33
47
207
247
107
233
10
42
142
543
134
23
393
17
25
4
229
68
6
51
102
807
54
1
129
145
7
339
403
205
568
76
41
242
1
108
2
1
81
14
399
316
130
131
17
599
249
44
124
188
255
42
37
57
4
105
1996
43
820
5
45
80
406
7
32
39
164
886
56
69
354
645
1286
708
196
380
380
16
65
59
179
120
1179
468
49
213
12
129
56
139
324
119
25
147
21
27
13
60
113
4
239
406
341
243
731
287
487
89
98
29
118
501
9
365
227
83
21
42
1
712
657
911
532
2
503
3
1
299
760
203
286
641
17
31
13
5
10
481
376
48
232
283
58
56
40
21
3
76
22
2
8
770
685
37
36
191
296
52
62
198
276
77
35
129
963
151
123
5
37
355
132
223
789
53
635
2
68
222
2831
301
8
5
6
1
3
8
41
61
812
1057
286
203
593
241
36
523
1400
217
417
2014
507
429
647
623
31
247
790
85
106
15
55
647
486
13
103
65
1368
311
128
17
412
41
243
126
65
232
392
58
1
79
187
818
268
226
254
263
17
330
30
339
486
407
113
103
92
19
619
259
84
882
1
81
94
465
274
199
55
89
81
354
224
16
29
120
416
714
1
72
9
199
318
111
2
124
428
1220
28
51
764
1
89
159
21
206
247
183
255
565
194
58
51
359
162
54
159
596
9
476
191
215
180
4
540
1
66
80
49
125
11
77
42
67
263
61
119
38
172
76
45
64
52
10
49
190
10
156
49
137
57
245
62
1
68
95
1
95
108
160
488
77
288
73
557
88
101
9
2
57
88
3
2
126
192
896
13
33
170
185
38
77
37
72
85
176
7
120
71
155
81
167
154
27
134
34
157
62
97
16
95
52
14
2
167
275
213
55
51
177
419
169
26
229
11
312
127
43
105
285
94
416
459
106
45
66
198
281
147
146
16
23
88
88
3
5
192
29
5
4
320
2
553
26
10
65
1372
15
166
69
982
32
21
209
23
5
586
249
268
12
147
96
11
393
197
129
288
168
37
32
8
7
3
5
46
7
5
44
80
48
235
24
69
1
79
272
117
51
11
182
92
76
71
216
146
56
19
36
63
124
379
336
4
1
2
3087
355
29
141
92
800
13
58
210
30
112
170
98
4
117
83
13
26
35
35
40
83
738
130
160
21
49
5
26
74
297
27
15
24
155
13
51
19
174
7
237
134
164
4
126
5
50
31
16
10
73
188
28
8
196
22
118
9
1
81
149
168
2
120
106
10
3
69
135
31
252
154
180
92
1
187
68
26
23
4
30
146
430
44
29
11
12
276
9
37
11
3
26
10
41
1
8
11
1
19
379
193
54
1
1
17
30
6
52
13
3
2
1
1
9
3
37
1
7
12
1
30
3
17
3
10
1
1
2
5
3
0
0
0
0
0
0
0
0
0
0
0
0
0
0
0
0
0
0
0
0
0
0
0
0
0
0
0
0
0
0
0
0
0
0
0
0
0
0
0
0
0
0
0
0
0
0
0
0
0
0
0
0
0
0
0
0
0
0
0
0
0
0
0
0
0
0
0
0
0
0
0
0
0
0
0
0
0
0
0
0
0
0
0
0
0
0
0
0
0
0
0
0
0
0
0
0
0
0
0
0
0
0
0
0
0
0
0
0
0
0
0
0
0
0
0
0
0
0
0
0
0
0
0
0
0
0
0
0
0
0
0
0
0
0
0
0
0
0
0
0
0
0
0
0
0
0
0
0
0
0
0
0
0
0
0
0
0
0
0
0
0
0
0
0
0
0
0
0
0
0
0
0
0
0
0
0
0
0
0
0
0
0
0
0
0
0
0
0
0
0
0
0
0
0
0
0
0
0
0
0
0
0
0
0
0
0
0
0
0
0
0
0
0
0
0
0
0
0
0
0
0
0
0
0
0
0
0
0
0
0
0
0
0
0
0
0
0
0
0
0
0
0
0
0
0
0
0
0
0
0
0
0
0
0
0
0
0
0
0
0
0
0
0
0
0
0
0
0
0
0
0
0
0
0
0
0
0
0
0
0
0
0
0
0
0
